1
1
1
1
2
2
4
4
4
6
6
7
9
10
12
14
16
19
20
22
23
24
24
30
31
32
33
36
36
36
40
41
42
42
43
44
44
46
46
47
47
49
50
52
52
52
54
54
56
57
57
59
59
59
61
62
65
65
65
73
76
76
77
78
79
82
83
85
86
86
86
86
88
88
89
90
91
95
95
96
97
100
101
105
106
107
107
108
109
110
112
112
114
114
115
116
116
117
119
121
121
122
122
122
125
125
126
128
129
131
131
132
134
136
136
138
139
140
143
143
146
148
148
149
150
151
152
155
155
156
157
158
158
159
160
161
162
166
166
167
168
168
169
170
174
174
175
175
175
176
177
177
180
181
185
186
187
187
189
190
190
191
193
195
197
197
197
198
198
199
201
201
202
202
203
204
204
205
208
209
209
209
209
212
214
216
216
216
217
217
218
222
223
223
225
227
228
228
233
234
234
235
235
235
235
235
236
236
237
237
241
242
243
247
248
249
249
252
254
255
257
258
258
258
259
260
264
265
266
267
267
268
268
269
270
271
272
272
273
274
274
274
275
275
278
278
278
280
283
283
284
284
286
286
286
286
288
289
290
290
291
298
299
299
299
301
303
303
304
304
304
305
306
306
307
307
307
309
309
312
312
313
313
314
315
316
317
318
320
320
321
321
322
322
323
324
324
325
325
325
327
328
329
329
329
330
330
331
331
332
332
337
338
338
339
339
340
342
342
343
343
345
346
348
349
349
350
354
356
357
357
358
359
359
360
361
362
363
363
363
364
364
364
368
368
369
371
372
372
372
374
375
376
378
379
380
380
381
382
383
383
384
385
386
387
388
392
395
396
396
397
397
399
402
402
403
408
409
410
410
410
413
414
414
416
416
416
416
416
421
423
423
423
425
426
426
429
430
430
431
431
432
432
434
434
435
435
435
435
437
440
443
448
449
449
449
450
451
452
453
453
453
455
456
456
457
458
459
461
465
465
466
468
468
469
470
470
473
475
475
476
477
477
477
478
479
480
483
483
484
485
485
489
489
490
491
492
492
493
494
498
499
499
500
501
506
508
509
509
510
510
510
513
515
516
516
519
521
521
523
524
524
527
528
528
529
529
531
532
532
532
533
534
536
538
541
545
545
546
547
547
547
548
549
549
550
551
552
552
554
555
555
555
555
556
557
558
558
559
560
560
561
563
564
566
567
567
567
569
571
571
571
572
573
573
575
575
575
575
575
575
576
578
579
580
581
581
585
585
588
589
590
590
591
594
594
595
595
595
595
595
595
596
599
600
602
602
603
604
604
604
604
605
605
606
607
607
608
610
610
615
616
618
619
619
620
621
621
623
624
624
626
626
627
629
631
632
632
633
633
633
634
636
638
639
643
644
649
650
650
651
651
654
655
655
655
656
657
658
659
659
661
661
661
663
664
664
664
666
666
667
667
668
668
669
669
670
671
672
673
673
674
674
675
679
681
682
683
683
685
685
685
687
688
688
689
691
696
696
698
700
700
700
701
703
705
705
705
706
706
707
707
708
708
709
710
713
715
716
716
719
719
720
721
722
722
725
726
727
728
730
731
731
732
733
734
734
739
739
739
740
742
744
745
746
747
749
750
750
750
751
752
752
755
755
756
756
760
763
765
766
766
766
767
771
771
774
774
774
775
777
778
778
780
780
780
781
782
783
784
784
789
793
793
795
796
796
797
797
800
801
802
803
804
805
806
809
812
814
814
815
816
817
817
819
819
819
819
819
820
823
824
825
827
829
829
829
833
834
835
837
839
840
841
841
843
843
844
845
847
847
848
849
849
849
850
850
852
853
856
856
856
856
856
860
861
861
865
865
866
871
871
873
873
873
875
877
877
879
879
881
881
883
884
884
885
887
887
887
887
888
888
888
888
889
891
891
892
892
894
895
895
896
896
896
898
900
904
905
906
906
908
909
915
917
917
917
918
919
920
921
923
924
925
927
927
928
929
929
930
931
932
932
933
933
933
935
935
936
937
940
942
942
944
944
944
946
948
949
951
951
952
954
955
956
959
964
964
967
968
969
969
970
971
975
975
976
977
977
979
983
983
985
986
988
988
988
989
992
993
996
997
998
998
1000
1001
1003
1005
1006
1008
1010
1011
1011
1012
1013
1013
1013
1014
1014
1016
1016
1018
1018
1019
1020
1021
1021
1021
1022
1022
1024
1025
1026
1027
1027
1029
1029
1031
1031
1031
1033
1034
1034
1034
1038
1038
1039
1040
1041
1041
1044
1044
1049
1050
1052
1052
1052
1052
1053
1054
1054
1055
1056
1057
1057
1057
1059
1060
1061
1061
1066
1070
1071
1072
1075
1076
1076
1077
1077
1078
1079
1079
1079
1081
1082
1082
1083
1084
1084
1086
1086
1086
1088
1088
1089
1091
1091
1092
1095
1095
1096
1096
1099
1099
1100
1102
1102
1106
1107
1107
1108
1114
1115
1116
1116
1118
1119
1122
1122
1123
1126
1127
1128
1129
1133
1133
1135
1135
1136
1136
1136
1137
1138
1142
1142
1142
1142
1144
1145
1146
1147
1151
1151
1152
1152
1152
1153
1155
1156
1157
1159
1160
1160
1160
1160
1161
1161
1162
1164
1166
1168
1169
1170
1170
1174
1174
1174
1175
1175
1176
1178
1178
1179
1179
1184
1187
1187
1191
1192
1194
1194
1195
1196
1199
1199
1202
1204
1204
1205
1206
1206
1207
1208
1209
1210
1210
1210
1213
1214
1215
1215
1217
1217
1218
1219
1219
1221
1226
1227
1228
1228
1230
1232
1232
1233
1236
1236
1236
1237
1238
1240
1241
1244
1244
1245
1246
1247
1247
1248
1251
1252
1252
1253
1254
1254
1255
1256
1257
1258
1260
1261
1261
1263
1267
1267
1267
1269
1272
1272
1272
1273
1274
1278
1278
1279
1280
1280
1281
1281
1282
1283
1284
1285
1288
1291
1291
1292
1295
1296
1298
1300
1300
1300
1301
1303
1303
1304
1305
1309
1311
1312
1313
1314
1315
1316
1318
1318
1319
1320
1320
1321
1323
1325
1328
1331
1333
1333
1333
1337
1337
1338
1339
1340
1340
1342
1342
1343
1344
1344
1345
1347
1349
1350
1350
1351
1351
1352
1352
1353
1355
1358
1359
1360
1361
1362
1363
1368
1371
1371
1372
1372
1373
1373
1374
1376
1377
1378
1381
1383
1385
1386
1387
1388
1389
1389
1390
1390
1390
1391
1395
1395
1397
1398
1399
1403
1404
1404
1404
1407
1409
1412
1412
1412
1413
1414
1415
1415
1415
1415
1416
1418
1418
1419
1420
1421
1421
1421
1423
1423
1426
1426
1426
1427
1429
1430
1431
1431
1435
1436
1438
1439
1440
1441
1441
1442
1442
1444
1444
1446
1449
1449
1450
1450
1451
1452
1453
1453
1453
1453
1454
1456
1457
1457
1459
1459
1463
1463
1463
1464
1464
1465
1465
1467
1467
1471
1471
1471
1472
1474
1474
1475
1477
1477
1478
1479
1480
1482
1482
1484
1485
1486
1487
1487
1488
1488
1488
1489
1490
1491
1491
1493
1493
1496
1496
1496
1496
1497
1498
1498
1498
1502
1502
1503
1504
1506
1506
1507
1512
1512
1513
1514
1516
1517
1518
1518
1519
1519
1522
1522
1522
1524
1527
1528
1528
1529
1530
1530
1530
1531
1531
1534
1535
1540
1541
1544
1544
1545
1546
1547
1548
1553
1553
1555
1556
1557
1558
1559
1560
1560
1561
1561
1562
1562
1563
1564
1565
1567
1568
1569
1569
1570
1570
1573
1577
1578
1578
1584
1585
1588
1589
1590
1591
1593
1597
1598
1598
1598
1599
1600
1606
1607
1609
1609
1610
1610
1611
1611
1613
1613
1614
1615
1616
1617
1618
1619
1620
1621
1621
1622
1626
1626
1626
1629
1629
1630
1632
1633
1633
1634
1635
1635
1638
1638
1640
1641
1641
1642
1643
1644
1644
1644
1647
1647
1648
1649
1649
1649
1656
1659
1659
1659
1662
1663
1665
1665
1666
1666
1667
1668
1669
1669
1670
1673
1673
1674
1677
1679
1680
1682
1682
1682
1682
1683
1685
1686
1690
1695
1696
1696
1697
1698
1699
1699
1700
1701
1701
1702
1703
1705
1706
1707
1707
1708
1709
1711
1711
1713
1714
1714
1715
1716
1720
1720
1720
1721
1722
1722
1722
1724
1724
1727
1727
1730
1732
1732
1733
1733
1734
1734
1735
1735
1737
1739
1739
1740
1742
1746
1747
1747
1747
1750
1753
1753
1754
1755
1755
1758
1758
1760
1760
1761
1762
1762
1762
1762
1762
1762
1765
1765
1766
1767
1767
1767
1768
1769
1771
1778
1780
1782
1782
1786
1787
1787
1787
1787
1788
1788
1788
1789
1789
1790
1791
1791
1792
1792
1792
1794
1795
1796
1796
1798
1799
1801
1802
1803
1803
1804
1805
1805
1808
1809
1811
1811
1811
1811
1812
1814
1815
1815
1816
1817
1817
1818
1820
1820
1821
1821
1825
1826
1826
1827
1828
1830
1832
1833
1833
1834
1837
1838
1839
1839
1842
1842
1843
1845
1846
1847
1847
1848
1848
1848
1849
1849
1851
1852
1855
1855
1856
1858
1859
1860
1860
1862
1862
1863
1863
1864
1867
1869
1870
1870
1871
1871
1871
1872
1874
1875
1876
1877
1877
1878
1883
1887
1887
1888
1888
1890
1890
1891
1892
1892
1893
1893
1893
1894
1894
1897
1897
1898
1898
1898
1899
1900
1902
1902
1903
1904
1905
1906
1907
1908
1909
1911
1911
1914
1918
1919
1921
1922
1923
1923
1924
1927
1930
1930
1930
1931
1931
1932
1933
1934
1935
1935
1935
1937
1938
1938
1939
1942
1944
1945
1946
1946
1948
1949
1952
1952
1953
1953
1953
1955
1956
1957
1958
1959
1963
1963
1965
1966
1966
1968
1968
1969
1971
1971
1972
1972
1974
1975
1975
1975
1976
1976
1977
1978
1978
1981
1982
1982
1983
1983
1983
1984
1987
1987
1989
1990
1990
1991
1994
1994
1997
2000
2000
2001
2002
2004
2005
2005
2006
2008
2010
2014
2016
2017
2017
2019
2020
2020
2020
2021
2021
2021
2023
2024
2025
2027
2029
2030
2031
2032
2032
2033
2036
2042
2042
2043
2045
2045
2046
2046
2047
2047
2048
2049
2051
2052
2055
2055
2056
2056
2057
2058
2059
2060
2063
2063
2065
2066
2068
2068
2069
2069
2070
2071
2072
2072
2072
2072
2073
2075
2075
2076
2077
2077
2077
2078
2079
2079
2080
2083
2084
2084
2086
2086
2086
2088
2089
2092
2092
2092
2094
2094
2096
2098
2098
2099
2099
2100
2101
2101
2102
2103
2103
2104
2106
2107
2109
2110
2111
2113
2114
2117
2117
2119
2119
2120
2121
2122
2123
2124
2125
2126
2127
2128
2129
2129
2129
2131
2133
2134
2134
2135
2137
2138
2138
2138
2139
2139
2140
2142
2144
2144
2145
2146
2150
2151
2151
2153
2153
2154
2156
2157
2157
2157
2157
2158
2159
2159
2160
2160
2161
2164
2167
2169
2171
2172
2174
2177
2178
2179
2182
2183
2188
2188
2190
2190
2194
2198
2198
2198
2199
2199
2199
2200
2202
2205
2206
2208
2208
2209
2210
2210
2214
2215
2216
2217
2218
2219
2221
2223
2223
2224
2224
2225
2226
2228
2231
2232
2233
2236
2238
2238
2239
2239
2239
2240
2241
2242
2242
2243
2243
2245
2247
2248
2248
2248
2248
2248
2249
2250
2251
2252
2253
2256
2256
2257
2257
2257
2258
2259
2262
2263
2264
2267
2270
2272
2272
2272
2274
2274
2274
2275
2276
2278
2278
2278
2278
2279
2279
2280
2280
2280
2281
2282
2283
2285
2286
2286
2287
2287
2288
2289
2289
2290
2290
2291
2292
2293
2294
2296
2297
2297
2298
2299
2300
2300
2301
2303
2304
2304
2305
2307
2308
2308
2309
2310
2312
2313
2313
2313
2315
2317
2318
2319
2319
2324
2326
2328
2328
2328
2328
2328
2329
2329
2330
2330
2331
2333
2334
2335
2338
2338
2339
2343
2344
2344
2345
2346
2346
2346
2348
2349
2349
2350
2350
2351
2353
2353
2353
2354
2355
2356
2363
2364
2367
2369
2369
2372
2372
2372
2374
2374
2374
2375
2375
2377
2378
2379
2381
2385
2386
2386
2386
2387
2388
2390
2390
2391
2392
2392
2394
2394
2395
2397
2397
2398
2403
2404
2404
2406
2406
2407
2407
2407
2409
2412
2413
2413
2414
2414
2414
2416
2417
2419
2419
2421
2422
2423
2424
2425
2426
2428
2428
2429
2432
2433
2433
2436
2436
2437
2438
2440
2440
2442
2442
2443
2444
2445
2445
2446
2446
2449
2451
2451
2453
2453
2456
2457
2458
2458
2459
2461
2461
2462
2463
2464
2465
2467
2467
2467
2467
2470
2470
2473
2473
2477
2477
2478
2480
2483
2483
2485
2486
2486
2487
2487
2488
2488
2489
2489
2489
2490
2491
2492
2493
2493
2496
2496
2497
2498
2499
2503
2503
2503
2504
2505
2505
2506
2508
2509
2509
2511
2511
2511
2512
2513
2514
2518
2518
2521
2525
2527
2527
2527
2527
2528
2529
2531
2532
2538
2539
2543
2544
2544
2544
2545
2549
2551
2554
2555
2555
2558
2559
2559
2560
2560
2560
2569
2570
2570
2572
2573
2574
2577
2578
2582
2583
2583
2584
2584
2585
2586
2586
2587
2587
2587
2595
2596
2596
2597
2597
2598
2599
2599
2601
2601
2602
2604
2604
2604
2607
2608
2608
2609
2611
2611
2612
2613
2613
2619
2619
2620
2621
2622
2625
2625
2626
2627
2628
2630
2631
2631
2631
2631
2632
2632
2634
2634
2635
2635
2638
2638
2638
2641
2641
2642
2643
2645
2647
2648
2648
2650
2650
2652
2652
2656
2656
2657
2658
2659
2660
2661
2662
2662
2662
2663
2664
2665
2666
2668
2668
2669
2669
2669
2670
2674
2676
2676
2678
2679
2679
2681
2682
2683
2684
2685
2686
2688
2688
2689
2691
2692
2696
2698
2698
2700
2702
2704
2704
2704
2704
2705
2707
2707
2707
2707
2709
2710
2711
2711
2712
2712
2715
2716
2717
2718
2719
2719
2724
2724
2728
2728
2728
2729
2729
2729
2730
2731
2732
2733
2737
2738
2739
2745
2746
2747
2747
2749
2751
2751
2751
2751
2752
2752
2753
2753
2753
2756
2757
2757
2759
2760
2761
2762
2763
2764
2764
2764
2765
2765
2765
2766
2767
2767
2768
2768
2770
2770
2773
2774
2779
2780
2780
2783
2784
2785
2789
2790
2791
2793
2793
2797
2799
2800
2803
2804
2805
2807
2807
2808
2809
2809
2810
2815
2816
2817
2818
2819
2821
2821
2826
2827
2827
2827
2828
2831
2842
2844
2846
2847
2848
2848
2848
2849
2850
2851
2855
2857
2860
2862
2863
2867
2867
2868
2868
2870
2871
2872
2872
2873
2873
2874
2875
2875
2876
2878
2878
2883
2884
2884
2886
2886
2888
2891
2891
2893
2893
2894
2895
2896
2899
2907
2907
2910
2911
2914
2917
2919
2919
2920
2920
2922
2922
2925
2925
2925
2929
2931
2931
2933
2935
2935
2938
2939
2944
2944
2945
2948
2949
2949
2949
2953
2953
2955
2961
2963
2964
2965
2967
2968
2972
2974
2974
2976
2977
2978
2981
2983
2983
2986
2987
2987
2989
2990
2991
2992
2992
2992
2992
2993
2994
2999
3000
3001
3001
3001
3002
3004
3005
3008
3008
3008
3012
3012
3013
3013
3015
3017
3017
3018
3019
3019
3019
3019
3026
3030
3030
3031
3041
3041
3043
3043
3046
3049
3051
3052
3053
3053
3055
3055
3055
3056
3057
3057
3057
3058
3058
3059
3059
3060
3060
3065
3065
3068
3068
3069
3069
3073
3074
3078
3079
3079
3081
3086
3086
3087
3091
3092
3092
3093
3094
3095
3097
3097
3099
3100
3100
3101
3101
3103
3104
3105
3105
3106
3106
3107
3109
3112
3113
3114
3114
3114
3114
3115
3117
3118
3120
3122
3123
3124
3125
3126
3127
3128
3129
3131
3131
3132
3134
3134
3136
3142
3142
3143
3146
3148
3148
3149
3149
3150
3152
3152
3154
3154
3155
3156
3156
3156
3163
3164
3167
3168
3169
3169
3169
3170
3176
3176
3176
3177
3178
3179
3182
3182
3182
3183
3183
3184
3187
3187
3189
3191
3192
3193
3193
3194
3194
3198
3199
3199
3202
3204
3205
3209
3209
3211
3211
3212
3212
3213
3214
3214
3215
3219
3219
3220
3228
3228
3230
3232
3236
3236
3237
3241
3241
3242
3243
3244
3244
3245
3248
3250
3252
3254
3256
3262
3265
3268
3270
3270
3270
3272
3273
3275
3277
3277
3277
3278
3279
3280
3281
3285
3287
3290
3290
3291
3292
3293
3293
3295
3296
3297
3297
3300
3302
3303
3304
3304
3307
3308
3310
3311
3311
3312
3314
3315
3318
3321
3326
3326
3327
3331
3331
3333
3333
3334
3335
3337
3341
3342
3343
3343
3344
3344
3349
3350
3352
3353
3353
3354
3355
3355
3356
3358
3359
3361
3364
3366
3366
3366
3368
3369
3369
3371
3374
3376
3377
3377
3378
3378
3380
3380
3380
3382
3382
3382
3385
3387
3387
3388
3389
3392
3392
3392
3393
3393
3395
3395
3396
3397
3404
3406
3410
3412
3412
3412
3418
3419
3420
3420
3420
3422
3422
3423
3424
3424
3424
3426
3429
3430
3430
3430
3432
3433
3437
3440
3441
3442
3442
3443
3444
3451
3452
3452
3454
3457
3458
3458
3458
3458
3459
3459
3459
3459
3460
3462
3463
3466
3468
3470
3470
3472
3473
3474
3474
3478
3482
3482
3486
3487
3488
3488
3488
3491
3491
3495
3495
3495
3498
3501
3501
3502
3504
3505
3505
3506
3509
3510
3510
3513
3514
3515
3520
3520
3520
3529
3530
3530
3531
3532
3533
3534
3535
3536
3540
3542
3543
3545
3547
3549
3550
3552
3554
3556
3557
3558
3560
3560
3560
3562
3564
3565
3566
3569
3570
3570
3570
3572
3572
3575
3577
3579
3579
3580
3581
3582
3583
3585
3586
3591
3592
3594
3597
3598
3600
3601
3604
3604
3606
3606
3607
3607
3611
3612
3614
3615
3615
3615
3617
3623
3624
3626
3627
3628
3628
3631
3633
3634
3634
3635
3639
3640
3640
3640
3641
3642
3645
3649
3649
3651
3657
3659
3662
3663
3669
3670
3670
3673
3680
3680
3682
3684
3686
3686
3686
3686
3688
3688
3688
3692
3693
3695
3696
3697
3697
3700
3701
3702
3704
3705
3710
3711
3711
3713
3714
3716
3718
3718
3722
3724
3724
3726
3727
3728
3728
3730
3730
3731
3732
3732
3732
3733
3734
3736
3739
3740
3740
3741
3743
3743
3744
3744
3746
3750
3752
3753
3754
3755
3757
3759
3759
3763
3763
3767
3770
3771
3771
3771
3772
3772
3774
3775
3776
3776
3776
3778
3779
3780
3783
3784
3786
3786
3786
3788
3790
3793
3795
3795
3796
3797
3800
3800
3806
3807
3808
3816
3817
3817
3818
3818
3819
3822
3824
3825
3826
3830
3830
3831
3833
3833
3833
3835
3836
3836
3839
3840
3842
3842
3844
3844
3845
3846
3846
3846
3851
3851
3853
3853
3853
3854
3855
3856
3857
3858
3859
3860
3860
3863
3863
3864
3865
3865
3865
3866
3867
3868
3868
3869
3871
3872
3872
3872
3872
3874
3876
3877
3878
3879
3879
3882
3884
3887
3889
3889
3890
3891
3894
3895
3895
3896
3896
3896
3901
3902
3903
3903
3904
3905
3909
3909
3912
3913
3913
3915
3917
3917
3918
3918
3919
3921
3922
3922
3923
3924
3925
3927
3931
3932
3933
3937
3938
3940
3941
3941
3944
3948
3949
3952
3952
3953
3953
3953
3953
3954
3958
3962
3964
3965
3967
3968
3971
3973
3973
3974
3975
3977
3978
3979
3979
3980
3981
3981
3984
3985
3987
3989
3992
3994
3994
3997
3998
3999
4002
4003
4005
4008
4009
4014
4015
4018
4020
4020
4021
4021
4021
4024
4025
4028
4028
4029
4029
4032
4032
4033
4033
4033
4035
4037
4039
4041
4043
4044
4046
4046
4048
4049
4050
4051
4052
4052
4053
4053
4055
4056
4056
4059
4061
4061
4065
4066
4067
4068
4071
4071
4072
4073
4075
4076
4078
4079
4081
4083
4084
4086
4087
4088
4089
4095
4095
4099
4099
4099
4100
4101
4103
4103
4104
4105
4110
4110
4111
4112
4113
4114
4114
4116
4117
4118
4121
4121
4121
4121
4121
4122
4127
4127
4129
4130
4130
4133
4133
4134
4134
4134
4135
4137
4138
4139
4140
4142
4143
4145
4151
4153
4153
4154
4154
4155
4158
4158
4158
4159
4159
4161
4164
4166
4167
4169
4169
4170
4172
4174
4174
4179
4180
4183
4183
4185
4185
4186
4188
4190
4190
4190
4193
4195
4196
4197
4197
4199
4200
4200
4201
4203
4205
4206
4207
4207
4208
4210
4214
4215
4221
4221
4228
4230
4230
4231
4234
4237
4239
4242
4247
4249
4249
4249
4250
4254
4254
4256
4256
4259
4260
4260
4260
4261
4261
4263
4264
4266
4267
4267
4267
4272
4273
4274
4275
4275
4275
4275
4278
4279
4279
4280
4281
4283
4285
4286
4287
4289
4290
4290
4294
4295
4296
4296
4296
4301
4303
4304
4304
4307
4308
4308
4310
4311
4311
4313
4314
4316
4316
4319
4320
4321
4321
4324
4331
4332
4335
4336
4337
4341
4341
4346
4347
4350
4350
4355
4357
4359
4360
4362
4362
4362
4363
4366
4366
4367
4368
4370
4372
4372
4376
4381
4385
4385
4386
4387
4388
4391
4394
4395
4395
4395
4397
4399
4400
4402
4403
4403
4404
4404
4405
4406
4406
4407
4410
4411
4411
4415
4416
4417
4420
4420
4421
4421
4421
4423
4424
4425
4426
4432
4433
4433
4435
4437
4438
4439
4443
4444
4445
4445
4445
4449
4451
4451
4454
4457
4459
4459
4460
4464
4467
4470
4470
4472
4474
4475
4477
4481
4481
4487
4488
4490
4490
4491
4491
4491
4491
4494
4495
4498
4499
4500
4501
4502
4502
4505
4505
4510
4512
4512
4513
4513
4513
4513
4513
4516
4517
4520
4521
4521
4524
4524
4526
4527
4529
4530
4530
4532
4532
4532
4532
4533
4533
4534
4534
4534
4536
4536
4537
4538
4539
4540
4540
4540
4543
4547
4548
4548
4548
4548
4549
4549
4552
4554
4555
4556
4557
4558
4559
4560
4560
4561
4564
4566
4567
4567
4567
4567
4568
4570
4571
4572
4572
4573
4575
4577
4580
4581
4582
4582
4585
4588
4588
4591
4593
4593
4594
4597
4598
4600
4601
4601
4602
4602
4602
4603
4606
4606
4607
4607
4607
4609
4610
4611
4617
4617
4618
4620
4623
4624
4625
4625
4626
4628
4629
4629
4629
4630
4630
4633
4634
4637
4640
4641
4642
4643
4644
4645
4646
4647
4647
4649
4652
4655
4657
4657
4660
4662
4665
4669
4669
4673
4676
4678
4679
4679
4682
4683
4684
4686
4690
4692
4693
4693
4694
4695
4697
4700
4700
4702
4702
4705
4705
4706
4709
4711
4715
4716
4716
4716
4717
4717
4719
4722
4724
4729
4729
4730
4731
4732
4733
4734
4737
4738
4739
4741
4741
4744
4745
4745
4745
4747
4753
4753
4753
4757
4757
4761
4761
4761
4762
4763
4765
4768
4769
4769
4770
4770
4772
4774
4775
4775
4775
4779
4779
4780
4781
4782
4783
4787
4788
4789
4789
4790
4792
4797
4799
4800
4804
4804
4806
4809
4810
4810
4810
4813
4815
4817
4818
4818
4821
4824
4826
4827
4827
4831
4835
4836
4836
4837
4838
4841
4842
4848
4851
4851
4852
4853
4853
4854
4854
4854
4855
4858
4858
4858
4862
4862
4870
4874
4878
4879
4880
4881
4889
4889
4893
4896
4897
4900
4904
4912
4913
4914
4915
4916
4916
4917
4918
4922
4923
4924
4926
4927
4928
4929
4931
4933
4935
4936
4938
4939
4940
4941
4942
4943
4947
4950
4952
4956
4957
4961
4961
4962
4962
4964
4965
4967
4969
4970
4971
4980
4980
4980
4980
4984
4988
4990
4990
4990
4990
4992
4993
4994
4995
4996
4996
4998
4998
4999
5000
5002
5002
5005
5006
5009
5010
5012
5012
5013
5014
5014
5015
5019
5020
5023
5024
5026
5027
5028
5029
5029
5030
5031
5032
5034
5035
5035
5036
5038
5040
5040
5043
5045
5046
5047
5052
5053
5056
5059
5060
5060
5060
5068
5068
5070
5078
5084
5085
5086
5088
5088
5088
5090
5092
5092
5095
5095
5098
5099
5100
5102
5104
5107
5109
5113
5114
5119
5121
5121
5122
5123
5123
5123
5123
5126
5128
5129
5131
5131
5131
5133
5136
5139
5140
5141
5141
5143
5147
5148
5148
5149
5150
5152
5152
5154
5154
5156
5159
5161
5161
5164
5166
5167
5167
5168
5172
5173
5173
5174
5175
5177
5178
5180
5186
5186
5189
5191
5192
5193
5193
5193
5194
5197
5198
5200
5200
5202
5202
5202
5203
5204
5204
5206
5207
5210
5211
5212
5214
5218
5220
5223
5224
5226
5226
5226
5227
5228
5229
5231
5232
5232
5232
5235
5238
5241
5241
5243
5244
5246
5246
5247
5248
5250
5253
5255
5257
5261
5262
5262
5265
5269
5269
5270
5272
5274
5274
5277
5277
5277
5278
5278
5280
5283
5284
5286
5289
5290
5295
5298
5298
5298
5299
5300
5303
5305
5305
5308
5310
5310
5311
5311
5311
5314
5315
5316
5319
5321
5322
5324
5326
5326
5326
5326
5327
5330
5331
5336
5336
5336
5338
5340
5340
5343
5344
5345
5348
5350
5354
5354
5357
5359
5361
5364
5366
5366
5370
5370
5371
5371
5375
5375
5376
5378
5379
5379
5380
5383
5386
5394
5396
5396
5398
5399
5399
5402
5405
5415
5417
5421
5423
5423
5423
5423
5425
5426
5427
5427
5428
5440
5441
5452
5456
5457
5457
5461
5465
5465
5465
5466
5468
5469
5471
5472
5473
5474
5476
5477
5480
5481
5484
5486
5487
5487
5487
5487
5490
5490
5491
5491
5491
5492
5492
5496
5497
5497
5497
5498
5499
5499
5499
5499
5501
5503
5503
5505
5508
5513
5513
5516
5518
5519
5519
5520
5521
5522
5526
5527
5529
5534
5535
5536
5538
5541
5541
5541
5542
5542
5543
5543
5545
5548
5548
5548
5550
5555
5556
5557
5558
5559
5561
5563
5563
5568
5569
5571
5572
5574
5574
5576
5577
5579
5584
5584
5585
5587
5587
5588
5590
5590
5590
5591
5593
5597
5597
5597
5601
5603
5603
5605
5614
5614
5618
5618
5619
5621
5625
5627
5630
5630
5631
5632
5636
5638
5639
5641
5643
5643
5644
5644
5645
5647
5648
5648
5648
5648
5650
5650
5652
5653
5653
5655
5655
5658
5658
5659
5659
5661
5663
5665
5669
5671
5672
5673
5673
5674
5677
5678
5678
5683
5685
5685
5691
5692
5693
5695
5696
5697
5700
5701
5703
5704
5704
5705
5707
5707
5708
5708
5710
5710
5712
5714
5714
5717
5717
5718
5719
5719
5720
5722
5724
5727
5729
5729
5731
5733
5734
5734
5736
5739
5740
5745
5745
5747
5747
5751
5753
5753
5754
5756
5757
5757
5757
5763
5763
5764
5766
5766
5767
5769
5769
5771
5771
5772
5774
5776
5776
5777
5777
5780
5781
5781
5783
5783
5785
5786
5786
5788
5789
5789
5789
5792
5792
5793
5794
5795
5796
5799
5799
5799
5801
5805
5807
5809
5810
5811
5813
5814
5815
5818
5820
5821
5823
5827
5830
5833
5834
5834
5835
5836
5838
5839
5841
5841
5842
5844
5848
5849
5850
5853
5853
5855
5859
5862
5865
5865
5869
5870
5871
5872
5873
5874
5875
5875
5876
5878
5878
5880
5882
5883
5884
5886
5888
5891
5892
5893
5895
5897
5899
5899
5903
5905
5906
5907
5907
5908
5909
5913
5913
5914
5915
5919
5920
5921
5921
5921
5922
5926
5926
5927
5927
5929
5930
5931
5932
5932
5933
5935
5937
5937
5940
5942
5942
5944
5945
5945
5947
5948
5949
5949
5949
5950
5950
5951
5952
5954
5954
5955
5956
5958
5958
5959
5961
5963
5966
5966
5971
5972
5975
5976
5976
5981
5982
5985
5985
5987
5988
5988
5989
5990
5992
5992
5992
5995
5998
5998
6001
6001
6002
6005
6005
6008
6012
6014
6014
6014
6018
6019
6023
6024
6024
6025
6025
6026
6028
6030
6032
6033
6034
6036
6036
6040
6041
6043
6044
6048
6050
6051
6052
6055
6057
6059
6060
6061
6062
6063
6064
6066
6070
6071
6072
6073
6074
6081
6082
6082
6083
6084
6087
6089
6093
6097
6100
6100
6100
6105
6105
6107
6109
6111
6112
6113
6114
6116
6116
6117
6117
6117
6117
6118
6119
6119
6119
6122
6123
6124
6124
6126
6127
6130
6133
6134
6134
6135
6135
6135
6137
6140
6142
6142
6143
6144
6145
6148
6150
6150
6155
6155
6157
6158
6159
6164
6165
6166
6167
6168
6169
6170
6171
6175
6176
6176
6179
6180
6182
6184
6185
6186
6186
6187
6189
6191
6192
6196
6204
6206
6210
6211
6214
6215
6218
6219
6220
6221
6222
6223
6224
6225
6230
6231
6233
6235
6236
6236
6237
6242
6242
6242
6243
6243
6244
6244
6244
6249
6251
6252
6253
6254
6255
6256
6256
6256
6257
6258
6258
6261
6265
6265
6267
6267
6267
6267
6268
6268
6268
6270
6271
6272
6276
6276
6277
6277
6279
6280
6283
6287
6287
6288
6288
6289
6292
6292
6293
6294
6298
6301
6302
6303
6305
6305
6306
6306
6307
6309
6309
6309
6310
6313
6316
6316
6316
6320
6320
6322
6325
6327
6329
6329
6331
6331
6336
6338
6339
6340
6342
6342
6342
6342
6343
6346
6347
6347
6347
6348
6353
6353
6360
6363
6363
6364
6365
6366
6366
6367
6368
6369
6370
6372
6373
6373
6375
6375
6376
6377
6379
6380
6380
6382
6383
6385
6388
6390
6391
6391
6393
6394
6396
6398
6402
6404
6405
6405
6406
6407
6408
6410
6411
6411
6414
6416
6417
6418
6418
6419
6421
6425
6426
6428
6428
6436
6436
6438
6441
6443
6443
6444
6445
6445
6447
6450
6450
6452
6453
6455
6457
6462
6463
6463
6465
6467
6470
6472
6472
6474
6475
6477
6477
6481
6483
6486
6488
6489
6492
6492
6494
6494
6495
6495
6496
6496
6497
6498
6503
6503
6503
6506
6510
6514
6515
6517
6524
6526
6526
6532
6532
6535
6538
6538
6540
6540
6541
6545
6546
6547
6547
6547
6548
6549
6549
6550
6550
6551
6553
6555
6556
6558
6560
6561
6564
6565
6565
6566
6569
6569
6572
6575
6577
6578
6578
6578
6586
6589
6590
6590
6591
6594
6594
6595
6597
6597
6597
6601
6603
6603
6603
6606
6606
6606
6607
6610
6611
6612
6613
6613
6614
6614
6615
6616
6616
6618
6619
6620
6621
6621
6622
6627
6629
6631
6633
6634
6634
6635
6635
6635
6637
6638
6639
6642
6642
6645
6645
6647
6647
6652
6652
6654
6655
6655
6656
6659
6660
6661
6663
6663
6664
6666
6667
6670
6671
6672
6672
6674
6675
6675
6678
6678
6681
6682
6682
6685
6688
6690
6690
6694
6695
6697
6698
6698
6699
6700
6700
6702
6703
6704
6704
6706
6706
6707
6707
6708
6709
6711
6711
6714
6714
6717
6718
6718
6720
6721
6721
6722
6723
6726
6729
6731
6732
6733
6734
6735
6736
6739
6740
6741
6742
6744
6749
6749
6751
6753
6757
6759
6759
6760
6760
6762
6763
6764
6764
6767
6768
6770
6770
6773
6773
6774
6776
6776
6777
6780
6780
6780
6781
6782
6783
6786
6787
6788
6789
6791
6798
6799
6800
6800
6800
6800
6801
6809
6812
6813
6814
6816
6817
6818
6818
6822
6824
6824
6826
6827
6828
6829
6829
6831
6831
6832
6833
6838
6839
6841
6842
6842
6844
6846
6849
6856
6856
6857
6859
6862
6863
6864
6868
6868
6869
6874
6877
6878
6880
6882
6883
6885
6885
6889
6890
6891
6894
6897
6897
6900
6900
6901
6903
6906
6908
6908
6909
6910
6910
6913
6913
6916
6916
6918
6920
6920
6921
6922
6922
6924
6928
6929
6930
6932
6932
6933
6935
6936
6936
6938
6938
6940
6942
6944
6946
6946
6947
6947
6947
6950
6953
6955
6955
6960
6960
6961
6962
6962
6962
6963
6965
6966
6966
6966
6968
6969
6970
6974
6974
6974
6975
6976
6978
6980
6980
6980
6982
6983
6983
6985
6986
6988
6989
6989
6991
6993
6993
6998
6998
7000
7001
7001
7003
7004
7004
7007
7009
7009
7011
7011
7015
7017
7018
7019
7021
7022
7025
7028
7029
7031
7032
7036
7036
7038
7039
7043
7045
7047
7047
7048
7049
7051
7052
7061
7067
7068
7070
7070
7071
7072
7073
7073
7076
7079
7085
7088
7088
7091
7092
7098
7098
7098
7099
7099
7101
7104
7108
7110
7111
7112
7112
7112
7115
7118
7119
7120
7121
7121
7121
7122
7122
7123
7124
7125
7127
7127
7130
7132
7135
7136
7137
7138
7138
7138
7140
7140
7141
7142
7148
7150
7151
7152
7156
7157
7158
7158
7159
7160
7161
7161
7162
7163
7164
7164
7166
7166
7167
7168
7169
7169
7173
7173
7177
7180
7180
7181
7182
7182
7182
7187
7190
7190
7190
7191
7192
7192
7192
7193
7196
7197
7198
7199
7199
7199
7200
7203
7205
7206
7206
7214
7215
7215
7217
7218
7220
7220
7220
7221
7225
7234
7237
7237
7238
7246
7248
7249
7254
7256
7256
7258
7262
7264
7266
7266
7266
7268
7268
7269
7271
7271
7274
7274
7275
7276
7281
7283
7283
7286
7288
7292
7292
7294
7296
7297
7298
7300
7300
7302
7302
7304
7306
7310
7310
7314
7314
7315
7316
7316
7316
7316
7317
7318
7320
7320
7320
7321
7323
7324
7327
7329
7329
7330
7335
7335
7336
7337
7338
7338
7342
7343
7344
7344
7347
7349
7352
7353
7353
7353
7355
7357
7358
7358
7358
7366
7367
7370
7370
7372
7374
7374
7375
7376
7376
7381
7382
7384
7389
7391
7391
7392
7395
7398
7400
7401
7403
7404
7404
7404
7407
7407
7410
7411
7412
7413
7417
7417
7418
7419
7420
7421
7421
7422
7422
7424
7424
7425
7426
7427
7429
7431
7434
7435
7435
7436
7436
7437
7440
7440
7440
7442
7444
7444
7445
7447
7451
7452
7453
7453
7454
7454
7455
7455
7457
7457
7458
7460
7461
7461
7463
7464
7464
7465
7466
7466
7471
7472
7473
7475
7477
7485
7485
7487
7489
7489
7489
7492
7492
7495
7495
7496
7497
7499
7500
7503
7506
7507
7507
7515
7518
7519
7519
7522
7524
7526
7526
7526
7528
7529
7530
7531
7533
7536
7539
7539
7539
7542
7546
7546
7548
7551
7553
7554
7554
7556
7556
7558
7558
7559
7560
7561
7561
7561
7564
7564
7565
7567
7571
7571
7575
7575
7576
7576
7577
7579
7579
7580
7583
7586
7587
7593
7593
7595
7598
7598
7599
7600
7604
7605
7606
7606
7607
7608
7609
7610
7610
7613
7614
7614
7617
7617
7618
7618
7620
7620
7621
7621
7625
7629
7629
7632
7632
7633
7634
7638
7638
7644
7644
7646
7648
7649
7650
7651
7651
7653
7653
7654
7655
7658
7659
7659
7660
7662
7663
7664
7670
7678
7678
7679
7680
7685
7689
7692
7698
7698
7699
7699
7700
7700
7702
7703
7703
7704
7704
7704
7704
7704
7704
7705
7707
7708
7713
7715
7717
7717
7721
7728
7728
7728
7728
7729
7730
7731
7732
7732
7732
7734
7734
7734
7735
7735
7736
7737
7737
7743
7747
7753
7753
7754
7754
7755
7758
7758
7760
7764
7764
7764
7766
7766
7767
7767
7768
7768
7769
7771
7771
7772
7773
7774
7775
7777
7778
7778
7782
7784
7785
7785
7787
7790
7792
7795
7796
7797
7798
7799
7800
7804
7805
7806
7806
7806
7806
7807
7807
7811
7812
7813
7814
7817
7817
7819
7820
7823
7823
7828
7829
7832
7833
7834
7835
7838
7841
7845
7845
7848
7848
7848
7849
7849
7850
7852
7853
7856
7856
7857
7858
7859
7859
7861
7861
7863
7864
7865
7866
7867
7867
7868
7868
7869
7870
7876
7877
7879
7884
7887
7887
7889
7889
7892
7893
7894
7895
7896
7898
7902
7903
7903
7904
7904
7907
7909
7909
7912
7916
7919
7921
7922
7923
7925
7925
7925
7926
7926
7930
7930
7932
7933
7934
7940
7940
7942
7942
7943
7944
7944
7946
7948
7949
7949
7950
7950
7950
7951
7952
7953
7954
7955
7955
7957
7958
7962
7966
7967
7969
7969
7970
7970
7976
7976
7977
7978
7979
7979
7980
7983
7984
7984
7985
7986
7986
7987
7987
7989
7992
7992
7995
7996
7996
7998
7998
8000
8001
8003
8003
8003
8004
8006
8011
8012
8014
8015
8015
8017
8018
8022
8022
8023
8023
8024
8025
8026
8028
8028
8030
8030
8031
8031
8034
8035
8035
8035
8039
8039
8040
8041
8042
8042
8043
8045
8047
8049
8050
8053
8054
8059
8061
8062
8064
8065
8065
8066
8066
8068
8068
8069
8070
8076
8076
8076
8077
8083
8084
8084
8084
8088
8088
8088
8090
8091
8093
8094
8099
8101
8103
8106
8111
8117
8119
8120
8120
8121
8121
8121
8123
8124
8124
8127
8128
8129
8129
8129
8130
8131
8133
8133
8135
8136
8136
8137
8138
8141
8141
8144
8144
8145
8145
8148
8149
8150
8150
8153
8153
8153
8155
8155
8155
8155
8155
8156
8156
8156
8157
8157
8158
8159
8159
8164
8165
8165
8170
8171
8176
8177
8177
8178
8179
8180
8183
8184
8185
8186
8189
8189
8190
8192
8194
8194
8196
8199
8199
8205
8206
8208
8209
8212
8213
8214
8215
8215
8216
8217
8218
8219
8219
8219
8220
8220
8220
8222
8224
8224
8228
8228
8229
8230
8231
8235
8237
8238
8241
8241
8243
8246
8247
8248
8250
8253
8255
8256
8258
8259
8261
8262
8263
8264
8266
8267
8269
8271
8273
8273
8273
8273
8274
8276
8276
8277
8277
8280
8281
8281
8282
8285
8289
8290
8292
8292
8293
8293
8293
8293
8294
8294
8296
8296
8298
8299
8299
8307
8310
8310
8310
8312
8313
8314
8314
8315
8316
8318
8318
8319
8321
8321
8322
8322
8323
8324
8326
8327
8329
8329
8331
8332
8332
8333
8334
8335
8336
8336
8336
8336
8338
8339
8341
8342
8342
8343
8345
8346
8347
8349
8350
8352
8352
8353
8354
8360
8362
8363
8365
8368
8371
8371
8371
8372
8373
8374
8374
8376
8378
8380
8380
8382
8385
8389
8391
8391
8391
8396
8396
8400
8401
8402
8403
8404
8405
8408
8411
8412
8415
8417
8418
8419
8420
8421
8426
8426
8426
8429
8429
8431
8431
8431
8433
8434
8435
8437
8441
8441
8444
8445
8446
8451
8453
8453
8454
8454
8457
8458
8458
8459
8461
8462
8463
8463
8464
8464
8467
8467
8467
8468
8474
8476
8477
8477
8479
8480
8481
8483
8483
8484
8486
8486
8488
8488
8489
8490
8493
8495
8495
8497
8497
8502
8502
8505
8506
8506
8507
8509
8509
8509
8510
8510
8513
8513
8513
8515
8516
8517
8517
8517
8521
8522
8525
8528
8533
8535
8543
8543
8544
8547
8548
8548
8551
8552
8553
8553
8556
8556
8558
8559
8559
8562
8563
8563
8563
8563
8564
8564
8565
8569
8570
8571
8572
8573
8574
8574
8575
8576
8586
8587
8591
8593
8593
8593
8594
8595
8597
8598
8600
8607
8609
8609
8611
8612
8612
8613
8613
8613
8616
8617
8618
8619
8622
8622
8623
8624
8624
8626
8627
8632
8632
8633
8640
8642
8644
8645
8646
8649
8649
8651
8652
8652
8652
8652
8663
8668
8670
8671
8672
8674
8676
8681
8682
8682
8683
8685
8687
8687
8688
8688
8688
8690
8691
8692
8695
8695
8698
8700
8702
8702
8703
8708
8711
8711
8712
8714
8715
8716
8717
8719
8720
8721
8721
8722
8722
8722
8723
8724
8724
8724
8727
8730
8732
8735
8737
8743
8747
8750
8751
8753
8760
8768
8768
8770
8772
8772
8772
8775
8777
8777
8778
8779
8785
8785
8786
8789
8789
8790
8792
8792
8794
8794
8795
8795
8796
8797
8799
8799
8802
8805
8805
8806
8807
8808
8808
8809
8811
8812
8812
8813
8814
8816
8817
8818
8818
8818
8823
8828
8829
8829
8829
8831
8832
8832
8832
8833
8833
8835
8835
8835
8836
8837
8842
8844
8846
8846
8846
8847
8848
8849
8849
8852
8854
8854
8858
8859
8861
8862
8863
8863
8864
8865
8865
8866
8866
8867
8867
8870
8872
8877
8880
8886
8887
8890
8894
8896
8896
8899
8900
8900
8901
8901
8902
8903
8903
8904
8904
8905
8907
8908
8909
8909
8912
8913
8915
8915
8917
8918
8919
8920
8921
8923
8923
8924
8927
8927
8928
8929
8934
8934
8936
8937
8940
8941
8945
8946
8948
8949
8950
8954
8954
8957
8958
8960
8960
8960
8963
8963
8969
8970
8973
8974
8977
8978
8979
8979
8980
8981
8981
8987
8988
8990
8991
8993
8993
8993
8994
8996
8997
8998
9000
9003
9004
9009
9009
9010
9012
9012
9013
9013
9017
9018
9018
9018
9018
9020
9020
9021
9022
9024
9027
9028
9031
9031
9032
9032
9033
9035
9036
9036
9036
9037
9038
9038
9039
9043
9044
9046
9046
9048
9049
9051
9054
9054
9056
9056
9057
9059
9059
9060
9060
9062
9062
9063
9064
9068
9070
9072
9074
9074
9075
9075
9075
9076
9077
9078
9079
9079
9079
9081
9082
9082
9082
9084
9085
9087
9088
9089
9090
9092
9092
9093
9094
9100
9100
9101
9103
9105
9108
9110
9110
9110
9111
9113
9116
9118
9120
9120
9120
9120
9120
9121
9122
9123
9127
9127
9128
9137
9138
9140
9140
9143
9144
9145
9146
9151
9155
9155
9156
9158
9161
9164
9167
9167
9170
9171
9172
9174
9174
9175
9175
9175
9176
9176
9178
9179
9180
9182
9183
9183
9183
9183
9183
9185
9185
9187
9191
9194
9197
9197
9198
9199
9201
9202
9203
9206
9207
9208
9209
9211
9212
9213
9215
9217
9217
9220
9226
9228
9229
9229
9229
9232
9232
9232
9235
9237
9238
9239
9240
9240
9244
9245
9246
9248
9249
9252
9253
9253
9257
9258
9260
9260
9262
9263
9266
9266
9268
9269
9271
9273
9274
9277
9280
9282
9283
9284
9284
9286
9287
9288
9290
9290
9290
9291
9291
9291
9291
9293
9295
9295
9296
9297
9299
9301
9303
9304
9305
9305
9306
9308
9309
9310
9315
9317
9319
9319
9321
9322
9322
9323
9323
9326
9328
9329
9334
9336
9337
9338
9339
9340
9341
9342
9345
9347
9349
9350
9351
9351
9356
9361
9362
9365
9365
9367
9369
9370
9371
9371
9372
9372
9373
9373
9376
9379
9381
9382
9384
9384
9385
9387
9387
9393
9396
9398
9398
9402
9404
9405
9408
9410
9411
9414
9416
9418
9418
9419
9420
9421
9421
9423
9426
9426
9426
9427
9427
9431
9431
9432
9432
9433
9433
9436
9437
9437
9438
9439
9443
9445
9447
9447
9447
9451
9451
9453
9454
9455
9455
9457
9458
9460
9460
9462
9463
9463
9465
9466
9466
9470
9470
9471
9472
9473
9474
9474
9476
9476
9477
9479
9482
9485
9486
9488
9489
9491
9496
9496
9497
9499
9501
9502
9502
9505
9505
9505
9508
9509
9517
9518
9518
9520
9522
9523
9525
9525
9526
9528
9530
9531
9536
9537
9542
9544
9547
9549
9549
9551
9552
9556
9559
9559
9560
9560
9561
9561
9562
9563
9563
9566
9567
9570
9573
9574
9576
9576
9576
9577
9578
9579
9586
9587
9588
9588
9589
9589
9590
9593
9597
9600
9601
9603
9603
9606
9609
9614
9614
9614
9614
9614
9615
9617
9620
9621
9622
9622
9624
9625
9625
9626
9626
9628
9629
9629
9630
9631
9631
9634
9636
9636
9638
9639
9639
9640
9641
9641
9642
9643
9647
9648
9652
9653
9653
9653
9654
9655
9656
9658
9660
9660
9660
9660
9663
9663
9665
9672
9676
9679
9688
9688
9689
9690
9691
9691
9692
9692
9692
9692
9693
9694
9705
9706
9708
9712
9716
9718
9718
9719
9719
9720
9721
9722
9723
9724
9727
9729
9729
9731
9733
9733
9734
9735
9735
9736
9736
9737
9737
9739
9740
9740
9741
9742
9742
9742
9745
9750
9750
9750
9751
9757
9758
9761
9762
9764
9765
9766
9767
9769
9769
9770
9772
9772
9772
9774
9776
9776
9779
9782
9782
9783
9784
9785
9786
9788
9789
9791
9793
9794
9795
9796
9797
9798
9798
9800
9803
9804
9805
9807
9809
9809
9810
9810
9811
9811
9815
9816
9817
9817
9819
9819
9819
9820
9822
9824
9828
9831
9832
9832
9832
9834
9836
9836
9840
9841
9844
9845
9847
9847
9853
9854
9854
9856
9856
9857
9861
9863
9865
9866
9866
9866
9869
9869
9869
9874
9876
9878
9880
9881
9882
9886
9886
9887
9887
9889
9889
9890
9891
9892
9895
9895
9898
9898
9899
9902
9903
9904
9904
9904
9905
9907
9907
9907
9908
9908
9909
9910
9911
9916
9916
9920
9921
9923
9924
9926
9929
9931
9931
9933
9936
9936
9937
9937
9937
9941
9943
9943
9946
9947
9949
9950
9955
9955
9957
9960
9960
9966
9966
9966
9967
9968
9968
9971
9971
9974
9974
9977
9977
9979
9979
9981
9982
9985
9986
9986
9988
9990
9990
9996
9999
6068
2704
5715
1627
7120
6713
8370
4029
5741
440
4885
2627
921
2353
7152
529
3373
2766
3443
9691
714
9206
2842
7914
3797
863
3395
7377
8773
97
2757
6848
8218
2141
9167
7704
9488
6846
7711
544
677
7279
9076
23
7879
1789
9142
3803
929
4527
1524
9225
56
3619
974
1462
3569
7706
6357
1662
6085
1559
6639
1164
8023
3172
4784
9225
7573
2166
8501
1687
1406
8769
4466
6848
5332
623
3695
9451
5009
61
9326
9248
6846
9575
2816
7803
4274
5333
1753
454
3832
7541
5649
642
708
6620
2748
4902
39
8711
8044
2668
1121
4599
4022
6231
4855
7852
1379
3962
2197
2273
2487
1029
3765
3384
4855
2897
4081
1895
1622
4751
7829
5396
7617
7211
9753
5773
6925
263
7421
8603
9245
1269
1269
8616
1624
3652
2664
4718
2825
3632
100
2066
1401
2659
9204
7441
6411
2512
4949
9705
2758
4514
7461
8555
8745
6000
4124
8080
393
1491
2128
6202
5070
8475
4324
1596
3135
9711
5152
8540
4267
724
7351
3432
4603
2881
660
4679
9636
8384
2631
5234
7328
3750
5055
8226
9759
6407
2120
5148
986
7124
6743
250
9625
4006
1011
8475
3637
128
7815
9951
9232
9008
837
8363
5380
22
7501
5812
6746
8216
5598
4650
5020
2661
348
1698
5293
6568
4755
3817
4679
8048
8491
4501
1540
1854
8620
6654
4657
1278
9092
2894
5153
8218
6775
3012
9006
5835
7574
7631
1093
6753
1651
3817
7506
2725
4948
6802
41
3357
9606
9551
4968
5808
9235
3251
5049
9211
7159
460
6940
819
6528
9089
1220
2363
4100
7691
8896
3352
2296
241
557
1939
9614
2760
1834
8847
7870
1914
5997
2380
5272
7511
6260
1532
1016
9642
9983
7540
8732
5614
444
2597
610
3568
3298
4187
5541
5174
3218
1797
3258
1520
4154
5990
8262
1198
8109
8283
2770
1491
6288
751
1378
5320
485
4236
514
1828
1773
9810
5394
299
1578
2812
931
7444
6243
2401
2082
2399
2124
9977
2229
8198
8197
7090
1236
244
4577
3409
3482
532
4106
4316
267
1995
7714
2519
3512
9576
3149
2189
8529
9627
3198
7250
27
2372
1584
9991
1266
3229
3910
1822
2848
2011
132
7694
4895
6240
4239
4489
5707
7349
5474
428
9148
6247
5539
8406
1507
2127
2438
5117
5010
2870
5681
5118
2305
7784
2607
5907
8894
8457
7160
9146
3396
3541
9168
3459
9392
6924
1007
8602
2560
5263
4786
2406
2412
3716
2465
7969
7866
336
6336
538
5501
8997
313
9671
6813
1961
6505
606
6253
5801
8602
582
9561
8382
1186
7081
366
9728
6314
717
1791
9208
3729
7844
6548
4202
1746
7936
7830
5603
8835
6363
1689
1135
4831
358
9
8190
7767
6048
6728
2679
9716
954
7206
8206
3825
7224
5554
6243
2502
9226
8560
1899
9591
300
764
7202
3087
2923
9582
2640
9527
9241
751
4876
4492
675
5754
8607
3712
2929
3654
3435
1199
9133
8531
7995
8628
8520
5411
3292
6669
1033
2668
2125
2493
4839
3595
1907
9872
7130
3179
1168
836
7324
1958
9973
2695
4774
2555
5893
27
7912
9696
9340
4657
1881
1450
6047
1669
2640
8651
3558
9590
2002
4091
920
8153
5261
3530
1669
238
7108
6084
9754
787
268
1767
3105
7591
1926
6321
503
9698
9167
3006
3058
6451
6612
5744
5666
7387
4458
3311
4950
1256
4812
1908
931
5124
6870
1152
9537
8767
2834
7634
279
234
6465
1497
5112
3782
989
4839
1741
1308
9132
5527
2485
2158
4791
5840
1770
285
5884
5689
2310
3645
32
5376
8118
2022
937
6998
7182
6493
1100
109
9629
98
274
2421
2067
7851
4241
6067
6688
4577
6216
7459
9678
3800
4074
3568
1521
3237
2031
7569
1870
2412
3351
1158
682
5832
3008
3699
7044
3662
6586
428
6310
6900
3097
9603
1432
7293
8011
2605
5734
8216
4795
27
852
9851
8933
8168
3694
1946
6746
7294
2324
2429
38
5023
1206
6368
4593
9376
7420
5276
9091
1848
3834
2758
9532
1898
4834
7126
2051
1694
9818
7611
6284
3783
7455
7998
8959
753
4842
6644
919
1465
6530
552
8792
8450
1746
744
1477
405
1837
1710
769
6104
9023
9858
2916
1954
9126
509
8464
7982
5953
2673
8069
6462
6791
7912
1633
2611
4828
1467
8636
474
9807
85
2356
9256
8743
7206
2644
6953
2447
6395
1658
6805
2015
5982
3625
2373
5326
890
8940
756
8933
1683
3500
7897
4165
5715
6788
6901
1292
3383
5490
5736
6100
780
9665
8200
3644
1300
1349
2981
9403
909
4151
6662
9026
1748
5234
5080
5841
7093
8589
9481
9629
5751
5738
640
6273
1206
9373
6959
722
3888
1345
4155
4583
1605
3704
684
8441
9704
9586
7936
8712
6043
5760
6868
1278
602
5593
262
1080
999
6572
2725
9457
6054
8375
6570
9505
1705
2231
7995
4615
8383
3729
9196
8594
6280
881
1209
3975
860
8081
7827
1614
7341
9117
2183
3309
1594
8516
4661
7305
7094
8241
1998
378
9368
6506
287
1647
5444
7785
8158
6082
6794
5514
2579
5629
3901
4420
2761
1629
2647
9067
1381
6277
4027
1973
310
8502
3835
6556
7741
8782
2923
5763
7919
7663
838
6733
5720
5714
2639
6346
1939
3243
186
7235
7047
5647
6621
8200
1892
7795
9169
3512
9423
9494
1773
4433
6362
5250
4805
6537
2759
5631
4174
9196
1278
2665
7366
7158
9517
6115
9954
3347
4000
7531
6920
3701
9137
0
4734
8455
8097
7713
8434
3888
2728
6056
3771
1721
4554
8024
6512
4018
3995
5970
1288
946
7508
1742
2529
9086
2117
9720
3269
3804
9181
3689
3722
1224
873
5272
521
9303
5513
2704
1282
5866
1401
2148
8589
9717
9279
1840
4868
529
9520
6545
8383
1310
9448
7336
4432
861
521
2027
449
3389
1427
7005
154
9316
838
6672
2711
1681
2916
3559
8617
2160
1034
3648
5084
1117
2336
2258
3081
1868
2895
6564
1565
2936
1810
7967
6778
9563
1681
9300
268
2894
4858
8848
302
4529
5872
1871
4782
9949
9257
5455
6943
1448
1010
599
3022
6505
166
3687
9959
9804
4239
2161
3384
3592
5020
4393
8870
2703
4643
8122
9023
9926
1001
5593
7696
9382
1072
2701
1128
5282
2592
1343
5596
6683
8970
2734
4156
1584
3848
5542
7142
4841
1929
3634
5610
6165
300
8992
78
371
3946
8613
3923
5518
7721
5232
4855
7901
862
691
5356
2282
1155
4719
6744
1248
9113
3951
6687
7179
9103
552
6335
4523
5364
975
9226
8665
122
1915
8137
3085
2380
3981
4158
3055
1361
766
5435
76
2385
4296
8593
5131
7815
2391
8156
5569
1128
609
797
6466
1827
7523
376
9593
4969
8334
8896
1450
3295
9395
8079
5638
9298
5435
5370
5502
138
1274
3155
172
3810
8900
7345
366
2854
4480
430
1572
8494
460
352
509
9787
3041
6634
2300
2192
2329
6803
1
6035
9903
536
1557
9539
5574
2413
6486
1371
3612
105
1188
2632
6815
2867
5179
3960
1649
1464
1618
180
3720
8431
9955
928
9770
3614
861
6736
967
6045
454
1965
6295
1739
5876
7272
6694
2129
4750
5325
3484
2900
9326
6300
4514
1167
3578
693
7874
3056
643
4482
1998
97
6110
5065
8148
9882
3298
2097
4721
8933
5760
2117
9203
755
6825
6616
5251
2269
5853
6904
1603
2060
592
1589
932
861
5762
7252
444
4304
8479
7951
2134
6864
2628
2191
4697
6840
5299
8333
8222
9763
6761
9397
4268
9477
6910
1020
7398
8104
1548
8419
1992
2634
6963
764
6398
6389
3213
781
4422
7134
7534
2627
9590
9459
5518
1401
9249
8719
9594
2681
262
9279
9415
4114
1513
2634
2905
2187
6215
5820
7635
1287
292
804
6383
2649
6471
335
3601
7529
952
9076
647
4344
2296
2290
1444
4736
6642
5350
4877
7248
4865
4674
2035
9527
5971
5018
2019
2846
4476
3584
570
5403
1613
7283
8300
1555
8103
4499
1415
6688
4491
489
7699
8259
2339
7285
1118
8876
3334
2167
4117
4088
7448
5122
3589
2458
5984
5325
5731
3981
3583
8780
1928
1464
9918
6687
3666
2819
5174
9898
9031
3785
37
4565
4539
6719
4272
4516
1443
2372
8020
1897
6250
4585
354
6248
9861
2675
443
4012
9795
3135
2935
2472
2871
8645
9708
5393
4936
8336
8493
9530
6712
61
369
95
5748
1394
1270
1575
1676
1185
1013
2868
1716
5612
5623
124
7290
7355
4313
2669
7625
3340
3324
476
5213
5227
1569
6447
7767
8259
1331
76
1540
5859
4340
5937
7417
2212
1741
9734
5121
4218
400
9008
6923
601
9456
6343
1901
5546
340
2954
5214
1422
2471
2289
355
6898
8324
1891
4856
8227
8352
201
1249
1700
9656
6546
4369
5662
5485
6713
6810
3944
2045
9845
2550
2935
516
9871
375
3703
115
2121
1754
5226
5023
6621
353
3985
7181
435
2096
3209
3917
5015
8696
9976
724
1978
2931
8184
1999
2216
287
8546
3428
9435
8015
863
1627
430
1741
5691
7470
4724
5173
859
5325
4169
6846
9760
357
8089
6890
3661
2081
8848
6321
3254
1873
9586
5400
5545
3242
5164
5288
849
7038
2970
8700
5352
7006
9722
4618
13
7853
9217
7670
983
4647
2077
3828
3833
3378
923
909
1062
5524
2474
7219
8742
4133
5088
8344
4538
7030
923
1132
2780
1442
1242
7030
1163
1636
3133
1045
2582
4489
8586
4646
982
1192
1170
1481
5985
5087
6147
9024
3452
2159
5887
6840
8289
154
7037
4299
7442
6412
4079
5028
9212
5753
6803
8628
8543
821
5262
9877
1181
1146
1414
8542
8337
7317
9790
8502
3411
2097
5496
380
4361
6825
1062
214
8383
3128
4049
7304
3098
1363
8430
1000
2425
9625
8878
7856
4301
3402
9924
7859
3771
438
1885
7764
7712
5079
4427
2547
7940
2642
4610
2857
8338
8522
6423
5798
5687
4022
5877
2905
8601
6019
1458
9264
1034
6029
1217
6112
6269
6842
7385
2391
2952
7223
7015
6688
5866
3463
9087
856
6047
7193
3657
3071
962
410
4074
1632
1506
2652
6799
9844
9304
1445
2625
4083
9368
4010
3174
765
3302
2765
2660
2153
5963
7972
6652
6732
5048
1149
1460
252
1610
5071
1173
6373
4367
3650
3638
3644
9015
3842
9465
3906
7119
1168
3381
379
3626
7626
2467
2383
9745
5259
8909
4785
7453
6934
3476
5278
1297
8207
1217
984
5917
3371
5758
9620
3409
5257
2885
4577
1567
4033
9353
9611
2213
108
8853
8190
4649
2547
1346
1342
6501
8109
4044
1974
6709
8900
5767
8448
1678
9943
8942
117
2130
5269
1612
8405
9505
4712
7103
3368
9922
1904
2009
1910
3010
114
3385
9909
3452
3920
5961
3985
2731
3722
7961
6065
428
4742
1869
1096
8742
7516
2738
5368
814
1717
8535
9822
2327
8422
5258
5770
3943
2215
4112
1101
7264
8265
536
3048
156
1270
6994
5394
1386
2507
1468
1754
2713
5876
5726
5118
1602
2855
4391
6812
2716
9748
6391
6935
2570
9723
2767
2653
6439
3038
6869
2374
2676
7497
316
239
593
1903
724
9383
3675
7959
126
6089
2309
7031
4114
5612
394
3743
2132
9640
7681
6937
5109
4314
4722
6111
2566
2777
2089
8526
2626
730
3513
8746
4716
6465
6930
899
9031
1273
1829
7110
405
9542
7063
710
6642
3641
741
428
8945
1395
5736
4172
8519
797
1529
7547
2967
7256
2982
2302
8254
4369
5061
8805
2176
7367
4280
9416
9395
5120
1873
80
6298
6632
536
5497
1284
76
7596
86
1495
7510
4311
118
2214
8426
6756
918
2571
2320
8613
5143
4529
5762
6400
2465
353
5401
6858
4696
3823
6484
5319
2222
2710
2537
928
521
546
1758
1398
6822
2892
5769
2710
5054
5691
743
5198
1736
3656
2091
351
64
9523
3351
2099
8679
3349
6447
1825
8986
8229
9660
7470
5815
3759
7551
8310
3757
8066
5959
844
8899
1001
9076
4878
1500
2972
28
2669
3514
2184
271
9739
8929
4140
9846
7750
5021
4485
433
8212
615
5821
4913
191
4531
1087
1555
7395
2653
7550
5294
1189
9814
134
8223
471
8057
6451
5603
8777
3923
1633
5684
2962
5842
7652
3928
2736
9837
9065
3479
9692
1221
2637
9547
5297
7275
1708
5084
5838
9042
8300
45
5946
8917
1052
6353
2712
6636
1351
4451
8619
2027
6397
7812
8076
9292
3859
3013
233
95
3306
5752
2880
222
3086
4066
3933
1574
160
8260
400
6995
6918
7530
9651
794
961
6195
538
9693
8495
595
3851
9355
2851
2949
6080
6
466
6021
6139
9689
942
845
729
3114
1640
3246
5498
188
7426
1857
8017
2200
1139
8270
631
9725
9054
6670
9220
2997
3237
9564
1616
7130
9354
8049
9847
7561
2471
6144
2908
4981
6623
4702
1903
5936
5604
7830
417
38
8169
6237
263
2586
8763
7057
5470
5844
3740
7975
2511
5627
4832
86
5619
5200
2412
2414
9656
2075
7707
7005
4020
3723
6979
83
1401
8040
5112
68
7370
9434
1807
6878
3357
7695
422
7419
9009
4521
9874
6505
4962
4439
2600
7929
7819
8646
6048
7701
7660
1446
9607
6501
3980
6129
7860
8707
4400
6554
1437
942
4364
4691
4203
7148
921
4850
2348
1620
2648
820
1527
8235
2374
2369
5925
9292
5665
6707
734
3453
6186
2418
7201
6800
5547
6577
1561
3576
9019
223
4844
2941
9360
742
7669
2769
3988
1912
3605
3427
3275
1195
1989
1492
6883
2898
2559
185
8701
5551
3390
4336
4971
9509
9587
502
2507
6371
9593
1112
4179
30
5035
7289
9645
4989
6501
4579
8229
2827
553
2577
7104
9032
8227
5261
5264
5585
318
9814
9190
1042
152
132
2855
553
1459
15
2433
3741
9918
7324
47
3039
3476
6713
7996
6223
8675
5772
1189
9314
6224
5846
306
178
1961
5342
6
2231
9850
8892
3188
7669
6372
210
4389
6694
4811
8178
1159
6617
2479
6108
3128
2394
9998
7142
980
5701
6919
194
587
9173
2642
442
5607
4642
8591
959
9932
1787
172
9634
7776
687
6618
1826
461
2386
5538
2104
8309
7086
6436
3712
102
6248
7265
1545
6190
1605
4874
8509
1552
749
2967
613
9527
6591
5501
919
1275
9909
7594
7458
8290
1208
9138
124
4905
7095
4064
7641
1762
6933
1861
4271
9520
1601
772
1624
2241
6281
930
2039
1084
2929
5960
3806
4075
2657
9291
1920
3210
3869
6797
4819
3857
2809
9701
2600
654
9132
9181
2141
3191
4868
3578
4274
111
459
1617
2284
6006
1769
7160
7223
6358
3450
443
4511
5051
3632
241
7472
1250
1484
2526
2908
4630
3225
2217
6333
3591
122
9744
8924
2524
6534
8395
2561
2474
3680
959
5468
8149
1500
389
84
6422
2286
2538
3182
2046
5
7847
4512
3851
1113
2355
8886
9016
2657
2584
1828
4234
9464
211
5581
7944
1728
1264
8628
