1
2
3
4
4
7
8
8
9
10
12
14
15
17
17
17
21
22
27
29
29
35
37
37
43
43
44
46
50
52
53
54
55
56
58
61
63
66
68
68
68
69
71
77
77
77
80
82
84
89
90
93
93
93
97
99
100
101
101
101
106
110
110
110
113
113
114
115
117
119
119
120
121
122
122
124
125
126
128
129
131
131
133
134
136
137
140
141
141
142
143
147
148
148
151
153
154
154
157
161
164
164
167
168
168
169
171
173
175
176
178
179
182
183
185
186
187
187
187
189
190
190
191
192
194
195
196
197
200
201
206
209
210
212
215
216
219
221
222
222
224
228
229
230
232
233
233
234
238
241
243
247
248
249
254
259
261
262
263
263
267
268
272
275
275
280
281
282
284
285
286
288
289
290
292
292
295
296
296
298
300
302
303
305
306
307
307
311
313
315
317
318
319
319
321
323
325
326
327
331
333
335
336
337
340
342
345
349
350
350
351
355
356
358
358
360
361
361
362
362
363
365
368
368
372
372
372
373
375
375
376
376
380
381
382
383
385
387
387
390
393
394
396
396
396
397
399
399
400
403
404
405
409
411
415
416
417
417
421
423
424
427
428
431
432
432
433
434
436
440
441
441
441
441
443
443
444
453
454
455
456
456
456
460
460
466
467
471
471
471
474
476
477
478
480
481
481
483
484
484
486
486
486
491
492
493
493
495
496
497
497
501
502
503
506
506
507
510
517
520
520
520
520
523
523
525
526
527
527
530
531
534
534
535
540
540
541
541
546
547
547
548
548
551
553
554
555
557
559
560
560
560
561
561
561
562
566
566
569
571
574
576
577
581
582
583
583
585
589
590
592
596
598
600
604
604
606
607
607
607
608
611
612
612
614
617
619
620
621
622
622
622
626
631
632
637
637
639
639
639
639
645
647
647
650
650
656
656
657
661
662
663
663
663
667
667
673
677
678
681
682
684
685
688
688
689
695
697
697
697
700
702
702
703
704
705
708
708
709
709
710
710
711
713
714
715
718
719
719
719
720
720
721
724
726
726
727
729
729
734
736
736
737
740
744
746
747
748
749
753
753
757
757
760
761
763
773
773
775
776
776
778
780
783
783
784
786
787
789
792
795
797
797
798
799
800
801
802
804
807
807
808
814
821
822
826
829
830
830
831
833
836
837
837
839
840
841
842
842
843
845
846
849
849
852
852
856
859
859
860
860
861
861
861
862
863
863
863
865
865
868
869
870
872
873
874
877
880
887
890
893
894
895
896
898
900
901
901
902
903
903
904
906
907
907
908
910
910
912
916
916
918
919
919
926
926
928
931
932
933
934
934
937
942
943
943
944
945
948
949
951
951
952
953
956
961
969
971
972
974
976
977
979
980
981
981
982
985
985
985
985
985
985
988
993
994
995
995
997
1000
1000
1001
1002
1002
1002
1003
1004
1006
1008
1009
1009
1010
1012
1014
1015
1019
1020
1029
1030
1033
1033
1035
1036
1037
1038
1040
1040
1043
1044
1047
1048
1053
1058
1063
1064
1066
1066
1067
1068
1068
1068
1069
1073
1075
1076
1077
1080
1083
1085
1089
1089
1091
1092
1092
1093
1093
1096
1096
1100
1100
1103
1103
1105
1106
1107
1109
1110
1110
1111
1113
1116
1119
1125
1126
1128
1128
1129
1130
1130
1130
1131
1133
1134
1137
1139
1140
1146
1147
1148
1150
1155
1156
1158
1158
1159
1160
1160
1163
1166
1166
1169
1171
1172
1174
1176
1176
1177
1178
1181
1182
1182
1182
1188
1189
1192
1195
1197
1198
1202
1204
1206
1206
1207
1208
1209
1211
1212
1212
1214
1214
1214
1217
1221
1223
1226
1226
1228
1232
1232
1232
1232
1237
1238
1239
1239
1241
1243
1245
1246
1246
1250
1250
1250
1252
1253
1253
1257
1257
1257
1264
1264
1264
1266
1267
1267
1269
1270
1271
1271
1274
1276
1278
1278
1279
1281
1281
1281
1281
1283
1286
1290
1290
1290
1291
1294
1297
1299
1300
1302
1306
1307
1307
1308
1310
1310
1311
1312
1313
1314
1315
1316
1319
1321
1323
1323
1324
1325
1328
1330
1331
1332
1333
1334
1337
1337
1339
1339
1340
1341
1342
1342
1343
1343
1344
1345
1345
1349
1351
1354
1357
1363
1363
1364
1367
1368
1369
1370
1372
1374
1377
1377
1378
1379
1380
1382
1384
1384
1386
1387
1388
1388
1388
1390
1394
1394
1399
1399
1400
1404
1404
1410
1412
1413
1413
1416
1416
1420
1423
1423
1423
1424
1427
1429
1431
1436
1438
1438
1438
1439
1440
1440
1440
1441
1443
1444
1444
1449
1450
1450
1451
1453
1454
1454
1456
1457
1457
1460
1461
1464
1464
1464
1465
1470
1472
1474
1475
1476
1479
1482
1482
1486
1488
1488
1489
1489
1489
1489
1492
1494
1496
1497
1497
1498
1498
1499
1500
1501
1503
1505
1506
1510
1512
1518
1519
1519
1520
1524
1524
1524
1526
1526
1526
1526
1527
1527
1528
1529
1531
1532
1536
1538
1543
1547
1548
1551
1551
1552
1552
1552
1554
1554
1556
1557
1557
1559
1560
1561
1563
1563
1564
1565
1569
1569
1571
1573
1574
1575
1581
1583
1586
1587
1588
1588
1589
1590
1591
1594
1595
1595
1595
1596
1596
1601
1601
1603
1605
1605
1608
1610
1610
1612
1619
1622
1622
1629
1630
1636
1636
1637
1638
1642
1655
1656
1659
1660
1660
1660
1660
1661
1663
1668
1668
1671
1673
1675
1677
1678
1678
1682
1686
1689
1690
1691
1693
1693
1697
1698
1698
1699
1705
1710
1710
1712
1714
1716
1717
1718
1719
1721
1722
1723
1723
1725
1725
1726
1728
1730
1731
1732
1732
1733
1734
1735
1736
1737
1739
1740
1740
1741
1742
1742
1744
1751
1753
1753
1760
1760
1763
1765
1768
1768
1769
1771
1773
1775
1775
1776
1776
1781
1781
1782
1785
1789
1790
1792
1796
1800
1803
1803
1805
1806
1808
1810
1810
1813
1815
1816
1817
1818
1820
1827
1828
1829
1832
1832
1833
1833
1833
1833
1838
1842
1849
1850
1852
1852
1852
1854
1855
1856
1856
1858
1860
1862
1862
1867
1868
1868
1869
1872
1872
1873
1873
1875
1875
1876
1876
1876
1876
1878
1881
1882
1885
1889
1890
1891
1891
1891
1892
1900
1902
1903
1903
1904
1909
1909
1912
1913
1913
1914
1914
1915
1915
1916
1916
1917
1918
1919
1922
1923
1924
1931
1933
1934
1935
1937
1940
1940
1947
1949
1949
1952
1953
1953
1953
1958
1958
1960
1964
1965
1969
1975
1976
1977
1977
1978
1985
1986
1988
1990
1993
1994
1996
1996
1998
1999
2000
2001
2003
2009
2010
2011
2012
2012
2015
2015
2016
2017
2019
2020
2023
2023
2025
2025
2026
2027
2029
2029
2030
2030
2030
2031
2033
2033
2034
2035
2041
2043
2044
2046
2048
2048
2049
2049
2051
2052
2055
2058
2058
2060
2060
2061
2061
2062
2062
2063
2064
2064
2065
2066
2067
2071
2073
2073
2078
2080
2083
2084
2084
2086
2086
2086
2088
2088
2088
2088
2090
2092
2093
2094
2095
2095
2096
2098
2099
2099
2104
2106
2106
2107
2111
2114
2114
2114
2115
2116
2121
2123
2126
2126
2130
2131
2133
2134
2134
2136
2137
2138
2138
2138
2139
2140
2141
2142
2142
2152
2152
2152
2153
2154
2157
2157
2158
2159
2159
2160
2160
2160
2163
2163
2168
2171
2177
2177
2179
2180
2183
2185
2188
2188
2189
2190
2190
2193
2193
2195
2200
2202
2202
2207
2208
2211
2217
2217
2217
2221
2221
2223
2224
2225
2225
2225
2228
2228
2229
2229
2230
2230
2237
2237
2239
2241
2245
2248
2252
2254
2254
2255
2256
2257
2257
2257
2263
2263
2264
2266
2267
2269
2269
2270
2273
2276
2276
2276
2280
2280
2280
2280
2281
2283
2284
2284
2286
2287
2288
2292
2294
2294
2296
2296
2299
2300
2305
2306
2311
2312
2315
2319
2321
2322
2325
2325
2327
2328
2329
2331
2333
2333
2334
2335
2337
2342
2346
2350
2352
2358
2360
2365
2366
2366
2367
2367
2372
2376
2376
2377
2378
2379
2381
2383
2385
2386
2386
2388
2393
2394
2396
2398
2399
2399
2400
2400
2401
2401
2401
2402
2402
2403
2408
2409
2409
2409
2412
2414
2415
2419
2421
2421
2421
2424
2425
2425
2425
2426
2428
2428
2429
2430
2431
2431
2432
2434
2434
2437
2441
2443
2443
2444
2447
2450
2450
2453
2453
2455
2457
2459
2459
2461
2464
2470
2473
2474
2475
2477
2478
2482
2483
2485
2486
2487
2492
2494
2496
2497
2498
2500
2502
2507
2508
2509
2509
2509
2513
2513
2514
2515
2517
2517
2522
2523
2523
2525
2528
2528
2529
2530
2530
2531
2535
2536
2536
2539
2540
2540
2541
2542
2543
2546
2547
2549
2555
2556
2557
2559
2559
2561
2566
2567
2569
2571
2571
2571
2571
2575
2576
2578
2580
2581
2581
2582
2582
2583
2584
2585
2587
2587
2587
2589
2591
2591
2591
2594
2596
2596
2599
2600
2600
2602
2605
2608
2610
2614
2615
2615
2616
2618
2619
2620
2622
2622
2624
2625
2628
2629
2629
2631
2633
2635
2636
2641
2649
2650
2651
2655
2655
2656
2659
2663
2665
2668
2668
2669
2669
2670
2671
2673
2674
2674
2676
2679
2680
2683
2683
2684
2684
2686
2689
2691
2691
2693
2693
2694
2697
2698
2701
2705
2708
2708
2709
2709
2711
2712
2712
2712
2712
2715
2715
2718
2719
2723
2725
2726
2726
2728
2728
2733
2734
2736
2741
2742
2752
2754
2758
2758
2759
2760
2760
2762
2763
2763
2765
2766
2770
2774
2779
2779
2787
2788
2794
2798
2802
2803
2809
2810
2813
2813
2824
2824
2825
2827
2832
2837
2838
2840
2842
2843
2843
2843
2845
2849
2849
2853
2853
2853
2854
2856
2857
2858
2858
2858
2858
2861
2866
2869
2871
2874
2883
2884
2885
2888
2890
2893
2896
2904
2909
2918
2921
2922
2923
2928
2931
2932
2938
2941
2942
2943
2949
2953
2954
2956
2958
2959
2959
2961
2963
2967
2969
2972
2975
2980
2983
2983
2989
2990
2992
2992
2992
2994
2994
2999
3000
3001
3002
3009
3010
3012
3013
3016
3031
3035
3035
3036
3037
3038
3045
3053
3054
3056
3057
3062
3063
3064
3068
3071
3073
3080
3081
3085
3087
3092
3096
3098
3099
3104
3108
3118
3118
3119
3121
3123
3124
3124
3134
3135
3136
3136
3137
3138
3138
3140
3140
3141
3142
3146
3148
3148
3149
3153
3157
3159
3162
3164
3170
3173
3173
3175
3179
3184
3185
3187
3191
3194
3195
3197
3200
3201
3203
3204
3209
3212
3212
3213
3215
3216
3217
3219
3222
3226
3226
3228
3231
3238
3241
3244
3247
3248
3249
3251
3255
3257
3258
3261
3264
3266
3271
3273
3275
3280
3282
3284
3290
3290
3291
3297
3306
3311
3311
3314
3315
3315
3316
3317
3318
3319
3321
3325
3329
3329
3330
3334
3339
3340
3341
3344
3346
3346
3353
3356
3360
3360
3368
3371
3374
3376
3378
3378
3384
3385
3388
3388
3392
3393
3394
3396
3398
3400
3406
3408
3408
3408
3414
3416
3417
3419
3420
3421
3423
3425
3427
3430
3432
3437
3440
3448
3448
3454
3454
3454
3455
3455
3455
3456
3456
3457
3457
3457
3458
3460
3464
3465
3465
3466
3467
3468
3472
3473
3473
3476
3477
3478
3482
3489
3492
3493
3494
3496
3499
3502
3504
3505
3506
3506
3509
3511
3512
3513
3517
3517
3518
3520
3522
3524
3525
3526
3528
3529
3531
3531
3534
3535
3537
3540
3541
3546
3550
3554
3557
3559
3561
3566
3568
3568
3571
3572
3574
3578
3579
3580
3583
3584
3586
3588
3589
3590
3590
3593
3595
3595
3599
3601
3604
3606
3609
3612
3613
3613
3613
3614
3619
3619
3619
3620
3624
3625
3630
3631
3637
3637
3638
3639
3640
3650
3651
3652
3654
3657
3660
3662
3662
3666
3670
3670
3672
3673
3673
3673
3674
3677
3678
3680
3681
3685
3687
3689
3690
3693
3693
3693
3693
3694
3696
3698
3700
3703
3703
3705
3715
3720
3722
3723
3731
3732
3735
3736
3736
3738
3738
3739
3741
3742
3745
3746
3752
3754
3755
3758
3760
3763
3766
3769
3777
3778
3779
3784
3784
3784
3787
3789
3790
3791
3792
3793
3793
3795
3800
3804
3806
3806
3809
3810
3814
3816
3820
3821
3824
3825
3827
3828
3830
3832
3837
3840
3842
3844
3845
3850
3851
3852
3853
3854
3858
3858
3861
3863
3867
3870
3871
3872
3873
3873
3876
3876
3877
3877
3879
3881
3882
3884
3884
3885
3885
3887
3889
3893
3899
3899
3902
3905
3907
3910
3910
3910
3911
3912
3913
3914
3915
3918
3920
3931
3932
3937
3942
3945
3948
3949
3952
3953
3953
3958
3958
3960
3960
3960
3962
3966
3966
3967
3971
3971
3971
3972
3973
3980
3980
3981
3982
3987
4000
4003
4008
4009
4013
4014
4015
4016
4017
4019
4019
4023
4024
4026
4033
4034
4036
4036
4039
4040
4040
4041
4042
4049
4050
4054
4057
4059
4060
4061
4066
4068
4070
4072
4077
4077
4077
4088
4092
4097
4097
4099
4103
4104
4112
4112
4114
4121
4121
4122
4124
4124
4125
4129
4133
4134
4137
4137
4142
4142
4142
4143
4143
4144
4145
4146
4147
4150
4155
4155
4156
4159
4160
4164
4166
4166
4169
4171
4173
4173
4179
4184
4184
4185
4185
4185
4188
4189
4193
4197
4199
4200
4203
4205
4214
4215
4217
4218
4221
4223
4225
4229
4232
4233
4236
4237
4240
4241
4242
4243
4243
4247
4248
4251
4252
4252
4256
4259
4261
4265
4267
4269
4270
4273
4273
4276
4277
4280
4281
4281
4281
4281
4283
4283
4284
4286
4287
4288
4291
4293
4293
4294
4295
4297
4297
4299
4300
4301
4303
4303
4308
4308
4308
4308
4311
4315
4327
4328
4328
4328
4330
4331
4332
4336
4337
4348
4348
4350
4351
4356
4358
4362
4362
4364
4364
4365
4367
4369
4371
4375
4377
4380
4382
4384
4386
4386
4390
4392
4393
4394
4397
4398
4404
4404
4406
4410
4415
4416
4418
4418
4421
4422
4431
4433
4434
4436
4436
4437
4444
4449
4452
4453
4453
4454
4455
4458
4459
4460
4461
4462
4463
4469
4469
4470
4472
4473
4475
4481
4482
4484
4485
4485
4485
4486
4488
4493
4494
4495
4495
4496
4498
4502
4502
4502
4502
4503
4512
4512
4520
4523
4524
4525
4525
4527
4528
4529
4529
4541
4544
4550
4551
4553
4554
4555
4558
4559
4559
4561
4565
4570
4570
4570
4572
4573
4573
4575
4575
4576
4580
4582
4585
4586
4587
4587
4590
4593
4593
4595
4595
4598
4609
4610
4611
4612
4612
4612
4613
4615
4616
4620
4621
4622
4629
4633
4638
4639
4641
4644
4644
4647
4648
4650
4656
4656
4664
4664
4665
4665
4666
4667
4673
4674
4678
4679
4679
4680
4682
4682
4684
4684
4690
4698
4699
4702
4704
4707
4708
4709
4710
4712
4713
4714
4716
4716
4717
4718
4718
4724
4726
4726
4727
4727
4727
4728
4731
4733
4735
4736
4741
4743
4747
4749
4750
4751
4754
4755
4756
4758
4759
4760
4764
4764
4767
4768
4768
4771
4771
4774
4780
4783
4783
4785
4788
4789
4789
4789
4790
4793
4797
4798
4801
4802
4804
4806
4806
4808
4809
4814
4815
4817
4823
4824
4832
4834
4835
4839
4842
4843
4846
4849
4854
4864
4865
4866
4867
4869
4870
4876
4879
4881
4887
4887
4888
4893
4894
4895
4896
4896
4899
4899
4899
4900
4906
4907
4909
4910
4911
4914
4924
4932
4932
4936
4937
4940
4942
4943
4943
4944
4944
4946
4949
4951
4951
4951
4953
4955
4955
4957
4960
4961
4962
4968
4971
4971
4971
4974
4975
4980
4983
4985
4987
4988
4990
4994
4996
4998
5000
5001
5004
5009
5009
5013
5014
5021
5022
5023
5024
5026
5033
5037
5039
5042
5043
5045
5047
5047
5050
5051
5054
5055
5059
5062
5064
5065
5067
5067
5068
5072
5074
5075
5076
5076
5083
5083
5088
5091
5092
5096
5099
5105
5105
5107
5112
5112
5113
5115
5116
5118
5118
5119
5120
5121
5121
5124
5124
5127
5128
5129
5130
5132
5132
5132
5135
5136
5141
5141
5142
5143
5144
5145
5146
5146
5149
5149
5150
5153
5154
5157
5157
5158
5161
5164
5165
5168
5169
5170
5171
5175
5177
5182
5184
5186
5187
5188
5190
5193
5193
5197
5197
5198
5202
5211
5212
5212
5214
5215
5215
5218
5219
5221
5223
5230
5233
5234
5234
5237
5238
5240
5240
5240
5241
5241
5243
5249
5250
5251
5255
5256
5257
5262
5264
5265
5266
5266
5267
5267
5268
5277
5282
5284
5287
5288
5288
5290
5295
5298
5304
5304
5304
5306
5309
5314
5316
5317
5318
5326
5327
5328
5328
5332
5336
5337
5337
5338
5339
5344
5345
5349
5351
5352
5358
5359
5360
5361
5365
5365
5366
5367
5369
5372
5372
5375
5376
5377
5383
5386
5391
5392
5392
5394
5395
5396
5397
5398
5399
5400
5403
5404
5405
5408
5412
5413
5418
5420
5421
5425
5429
5433
5433
5433
5435
5439
5440
5440
5440
5442
5445
5446
5448
5456
5461
5462
5464
5468
5472
5474
5477
5492
5493
5496
5498
5501
5504
5508
5508
5510
5518
5519
5520
5521
5521
5522
5527
5536
5537
5537
5540
5543
5543
5543
5545
5545
5546
5547
5548
5548
5549
5555
5555
5556
5558
5559
5561
5565
5565
5565
5569
5571
5574
5582
5586
5586
5587
5598
5600
5608
5609
5611
5615
5615
5625
5626
5628
5628
5631
5635
5635
5636
5640
5640
5642
5648
5648
5648
5650
5656
5661
5662
5664
5664
5665
5667
5669
5677
5678
5681
5683
5686
5686
5689
5696
5697
5706
5707
5711
5712
5713
5715
5719
5720
5720
5721
5722
5722
5724
5726
5729
5730
5730
5732
5739
5747
5748
5752
5755
5755
5757
5760
5761
5762
5764
5766
5772
5776
5776
5777
5789
5796
5798
5802
5802
5804
5806
5808
5812
5813
5813
5815
5817
5819
5821
5823
5825
5826
5827
5828
5830
5832
5835
5835
5836
5840
5845
5846
5846
5849
5853
5854
5856
5857
5857
5862
5866
5867
5868
5871
5873
5874
5877
5877
5881
5881
5883
5885
5886
5889
5894
5895
5897
5898
5899
5901
5907
5912
5913
5915
5917
5918
5919
5924
5929
5929
5931
5936
5938
5939
5939
5944
5944
5945
5946
5951
5951
5953
5953
5958
5960
5961
5961
5963
5965
5966
5969
5971
5972
5972
5972
5975
5980
5983
5983
5991
5994
5999
6000
6002
6002
6007
6007
6009
6012
6012
6014
6014
6016
6018
6029
6034
6038
6040
6042
6043
6053
6057
6061
6061
6063
6063
6063
6064
6065
6065
6068
6069
6073
6075
6076
6076
6078
6079
6081
6083
6084
6085
6087
6091
6092
6092
6094
6098
6102
6105
6106
6106
6107
6108
6110
6114
6115
6115
6116
6119
6122
6122
6130
6131
6132
6133
6141
6142
6143
6144
6146
6146
6149
6153
6158
6158
6163
6164
6165
6166
6168
6169
6170
6171
6177
6179
6180
6181
6181
6186
6187
6191
6196
6198
6198
6206
6207
6207
6207
6207
6210
6213
6214
6217
6218
6225
6226
6228
6231
6232
6235
6236
6237
6238
6239
6247
6249
6250
6256
6257
6258
6258
6263
6264
6265
6267
6271
6273
6279
6279
6282
6283
6284
6286
6295
6296
6300
6301
6302
6302
6303
6303
6303
6305
6306
6307
6310
6311
6312
6312
6313
6313
6314
6323
6327
6328
6331
6331
6331
6332
6337
6338
6341
6341
6342
6342
6345
6346
6348
6360
6361
6362
6363
6366
6367
6372
6377
6380
6381
6384
6385
6386
6390
6391
6391
6393
6395
6396
6398
6401
6404
6405
6409
6409
6409
6410
6412
6413
6415
6416
6418
6419
6423
6423
6424
6426
6428
6429
6430
6431
6432
6432
6433
6435
6435
6439
6440
6444
6444
6446
6449
6454
6456
6458
6458
6461
6463
6469
6470
6471
6473
6476
6477
6478
6481
6482
6483
6489
6491
6494
6495
6497
6500
6504
6505
6506
6509
6510
6519
6522
6523
6525
6526
6526
6527
6528
6529
6535
6536
6537
6538
6539
6540
6541
6546
6547
6547
6553
6553
6559
6561
6563
6566
6567
6570
6570
6571
6571
6572
6572
6576
6578
6580
6582
6586
6589
6589
6592
6593
6598
6599
6601
6601
6603
6610
6613
6614
6614
6615
6615
6619
6622
6630
6631
6634
6635
6640
6640
6642
6646
6647
6648
6648
6648
6650
6652
6654
6654
6657
6659
6661
6662
6672
6674
6675
6676
6676
6677
6682
6683
6688
6688
6695
6695
6696
6698
6698
6699
6701
6701
6711
6718
6719
6720
6720
6722
6724
6725
6726
6729
6730
6731
6731
6734
6738
6739
6740
6743
6743
6744
6745
6749
6753
6754
6755
6759
6761
6765
6776
6780
6780
6781
6782
6786
6786
6790
6792
6794
6795
6797
6797
6797
6803
6803
6805
6808
6810
6812
6812
6813
6816
6823
6823
6824
6825
6826
6827
6828
6830
6833
6836
6838
6839
6841
6842
6845
6845
6847
6855
6855
6859
6862
6866
6866
6867
6870
6873
6874
6875
6875
6875
6877
6880
6888
6890
6891
6895
6896
6899
6901
6904
6909
6909
6913
6920
6921
6922
6923
6923
6926
6929
6930
6931
6938
6940
6940
6941
6942
6947
6948
6949
6951
6952
6953
6956
6958
6960
6960
6962
6965
6967
6969
6972
6973
6974
6974
6976
6977
6977
6983
6996
6997
6997
6999
7004
7004
7006
7008
7008
7011
7015
7016
7016
7017
7021
7022
7029
7031
7031
7033
7033
7034
7040
7040
7041
7041
7041
7043
7046
7051
7051
7052
7052
7056
7056
7057
7061
7061
7063
7067
7069
7074
7076
7084
7085
7088
7089
7089
7092
7093
7093
7094
7094
7095
7096
7103
7104
7105
7105
7111
7113
7113
7115
7116
7116
7116
7117
7117
7122
7122
7125
7130
7131
7133
7137
7137
7145
7147
7153
7153
7154
7155
7155
7159
7160
7161
7161
7162
7162
7166
7166
7167
7169
7170
7172
7173
7173
7177
7178
7178
7181
7189
7189
7194
7195
7195
7202
7206
7209
7212
7214
7216
7220
7221
7221
7222
7224
7226
7227
7230
7230
7232
7234
7237
7240
7243
7243
7245
7247
7248
7248
7248
7254
7258
7260
7262
7262
7264
7265
7270
7271
7272
7272
7272
7275
7280
7283
7286
7287
7287
7287
7288
7289
7290
7292
7292
7294
7295
7296
7296
7300
7301
7301
7305
7309
7320
7323
7327
7327
7328
7333
7336
7338
7339
7340
7342
7345
7349
7349
7350
7350
7352
7355
7357
7359
7359
7361
7362
7365
7368
7369
7370
7371
7373
7374
7376
7376
7377
7377
7384
7385
7386
7388
7389
7391
7396
7397
7398
7399
7401
7411
7412
7419
7420
7425
7428
7433
7436
7440
7440
7441
7445
7445
7449
7449
7453
7460
7461
7462
7462
7463
7464
7466
7466
7469
7470
7472
7472
7473
7475
7477
7477
7479
7482
7484
7484
7485
7488
7489
7491
7495
7497
7497
7499
7502
7504
7505
7506
7510
7517
7519
7520
7521
7521
7521
7522
7524
7526
7527
7528
7535
7536
7540
7541
7548
7548
7556
7557
7561
7563
7568
7569
7573
7575
7575
7579
7581
7582
7584
7584
7586
7588
7595
7596
7598
7599
7600
7604
7606
7607
7607
7607
7608
7612
7618
7619
7621
7628
7630
7631
7634
7635
7639
7640
7640
7645
7647
7650
7651
7651
7651
7658
7663
7664
7666
7666
7668
7669
7672
7673
7676
7678
7683
7684
7690
7694
7695
7697
7701
7702
7704
7705
7706
7707
7717
7718
7719
7719
7720
7723
7723
7725
7726
7736
7736
7736
7736
7738
7746
7748
7749
7750
7759
7759
7762
7767
7768
7770
7773
7781
7783
7784
7787
7787
7791
7795
7801
7801
7802
7802
7807
7808
7810
7818
7819
7820
7822
7823
7825
7828
7829
7832
7836
7838
7842
7848
7850
7851
7855
7859
7862
7863
7864
7864
7864
7872
7875
7878
7880
7880
7882
7883
7884
7886
7892
7893
7897
7897
7903
7904
7906
7906
7906
7907
7909
7910
7910
7911
7911
7912
7913
7914
7914
7914
7916
7917
7923
7928
7931
7931
7937
7945
7948
7948
7950
7951
7952
7952
7954
7955
7959
7960
7962
7964
7964
7964
7965
7966
7969
7970
7979
7981
7982
7991
7997
7997
7997
7998
7999
8004
8006
8007
8008
8011
8012
8013
8013
8014
8015
8016
8016
8022
8023
8039
8039
8039
8040
8044
8046
8051
8051
8054
8057
8057
8058
8060
8061
8064
8065
8066
8066
8076
8077
8080
8082
8086
8092
8092
8093
8094
8096
8098
8101
8102
8105
8111
8111
8114
8114
8118
8122
8122
8122
8123
8125
8132
8133
8133
8134
8134
8135
8135
8135
8138
8139
8140
8140
8142
8142
8145
8146
8146
8147
8148
8151
8152
8153
8154
8156
8157
8159
8160
8161
8161
8166
8171
8172
8172
8174
8174
8175
8176
8178
8179
8183
8183
8184
8188
8189
8191
8191
8193
8196
8202
8203
8204
8207
8210
8214
8215
8222
8224
8231
8231
8235
8237
8238
8240
8246
8249
8250
8250
8250
8257
8257
8258
8260
8263
8267
8267
8271
8271
8272
8276
8280
8280
8284
8289
8292
8296
8299
8301
8302
8303
8309
8309
8310
8318
8319
8321
8322
8326
8327
8329
8331
8334
8340
8340
8341
8347
8349
8350
8353
8358
8359
8361
8361
8367
8369
8374
8377
8378
8382
8382
8387
8387
8388
8389
8390
8393
8394
8398
8398
8402
8406
8407
8408
8411
8416
8420
8435
8439
8441
8444
8445
8445
8448
8449
8451
8451
8457
8461
8465
8468
8469
8474
8475
8477
8482
8484
8485
8486
8487
8490
8491
8495
8497
8498
8501
8507
8513
8513
8518
8523
8525
8526
8527
8529
8529
8531
8537
8538
8539
8542
8542
8543
8548
8550
8550
8553
8554
8554
8557
8559
8560
8560
8561
8562
8564
8568
8569
8569
8572
8575
8576
8581
8582
8591
8592
8594
8595
8599
8602
8602
8610
8612
8618
8618
8619
8620
8622
8628
8629
8637
8642
8643
8646
8647
8648
8656
8656
8656
8657
8661
8662
8664
8664
8669
8673
8676
8676
8677
8678
8683
8684
8684
8686
8689
8690
8690
8691
8696
8699
8707
8707
8711
8712
8712
8717
8720
8721
8725
8727
8730
8731
8737
8740
8742
8743
8745
8745
8746
8758
8761
8761
8763
8767
8767
8769
8769
8772
8777
8778
8780
8783
8784
8784
8784
8785
8789
8790
8792
8801
8803
8803
8805
8806
8806
8810
8811
8812
8814
8819
8819
8825
8828
8831
8836
8837
8837
8839
8839
8840
8841
8845
8845
8846
8852
8854
8856
8858
8860
8862
8863
8865
8872
8875
8880
8881
8881
8886
8888
8893
8893
8896
8898
8899
8899
8902
8903
8908
8914
8916
8916
8918
8920
8922
8923
8927
8928
8931
8931
8932
8936
8936
8937
8941
8943
8945
8946
8947
8950
8951
8953
8957
8957
8963
8966
8970
8972
8973
8976
8978
8978
8981
8981
8984
8987
8987
8993
8995
8997
8999
9000
9001
9003
9003
9004
9008
9010
9020
9020
9022
9025
9026
9026
9027
9029
9030
9031
9033
9036
9036
9038
9040
9047
9048
9051
9052
9055
9055
9068
9068
9070
9075
9075
9076
9077
9079
9079
9081
9083
9084
9085
9086
9088
9089
9090
9091
9093
9094
9100
9101
9102
9103
9103
9103
9103
9104
9109
9110
9111
9111
9112
9113
9114
9114
9123
9123
9125
9128
9129
9130
9132
9133
9134
9136
9137
9138
9139
9142
9146
9149
9151
9152
9153
9154
9163
9163
9164
9165
9169
9171
9172
9173
9174
9177
9180
9182
9182
9185
9185
9189
9190
9190
9193
9195
9195
9195
9198
9198
9199
9204
9204
9204
9206
9208
9209
9209
9210
9210
9210
9217
9222
9224
9232
9239
9240
9243
9247
9250
9251
9253
9255
9258
9265
9265
9272
9273
9278
9280
9284
9287
9289
9291
9291
9291
9291
9292
9293
9300
9301
9302
9302
9303
9306
9307
9308
9309
9311
9311
9320
9321
9323
9325
9326
9326
9333
9336
9336
9336
9349
9352
9353
9353
9354
9356
9356
9356
9356
9362
9369
9370
9374
9377
9378
9382
9384
9387
9389
9390
9399
9400
9401
9404
9415
9419
9421
9423
9423
9426
9426
9428
9428
9431
9431
9433
9434
9450
9452
9453
9454
9456
9456
9458
9459
9461
9462
9465
9466
9466
9470
9475
9475
9479
9481
9481
9482
9487
9488
9490
9496
9498
9499
9500
9500
9502
9503
9504
9512
9515
9528
9529
9530
9531
9531
9535
9539
9540
9541
9545
9546
9550
9550
9551
9551
9552
9553
9554
9554
9556
9557
9557
9559
9564
9571
9571
9578
9579
9579
9582
9584
9587
9588
9588
9590
9591
9595
9597
9602
9603
9606
9619
9619
9621
9622
9623
9625
9631
9633
9633
9634
9637
9638
9639
9642
9650
9652
9653
9654
9654
9654
9655
9655
9657
9660
9667
9667
9670
9672
9675
9676
9677
9681
9682
9687
9693
9693
9697
9700
9708
9708
9709
9712
9714
9715
9717
9724
9726
9728
9731
9732
9732
9737
9738
9744
9744
9748
9750
9752
9754
9756
9757
9759
9764
9765
9765
9768
9771
9778
9779
9780
9781
9781
9781
9784
9785
9786
9788
9788
9801
9803
9806
9810
9812
9812
9813
9813
9813
9819
9823
9826
9832
9833
9836
9837
9839
9841
9842
9843
9849
9849
9854
9861
9862
9862
9866
9866
9870
9871
9873
9874
9874
9876
9877
9879
9886
9886
9886
9888
9894
9906
9908
9908
9909
9911
9913
9917
9918
9919
9919
9920
9921
9922
9922
9931
9933
9936
9936
9937
9937
9941
9942
9942
9944
9945
9947
9948
9950
9951
9951
9952
9953
9955
9958
9963
9965
9969
9971
9977
9978
9980
9983
9983
9987
9988
9991
9991
9992
9995
9996
6379
4431
781
1634
8089
2981
799
7862
9374
9276
9919
1712
1089
2853
6239
3643
9242
691
8486
2099
5932
1056
1350
1378
2758
8033
8302
441
6356
8955
9392
2594
4347
6262
9317
5779
5332
4304
7712
38
1240
2629
7856
3830
2270
9022
7178
1676
8880
2775
1095
1227
7701
6374
5722
1785
4267
7305
725
6847
8674
6942
2571
4211
2321
1609
4553
2548
9939
7842
1681
4421
4658
637
3895
990
1992
270
5856
959
8609
9676
8903
7958
453
9685
3906
4611
8020
3474
1380
3914
6771
4317
2965
3593
6630
9056
1695
2811
1326
768
2138
908
4293
4730
1930
7998
9560
6253
5335
7723
5157
1096
9918
4764
3268
3013
790
617
5466
1014
2277
4434
4924
3662
1012
1453
7170
7732
8784
5105
7164
9956
2195
2819
2217
9654
387
5631
4229
2483
665
553
2658
2821
9444
2852
715
5310
3246
4611
997
9404
2095
5470
1207
4491
834
9784
6780
7308
3925
542
1686
901
6948
290
7909
697
4360
1705
4584
9705
3340
8689
2659
6714
1153
9400
8386
6921
4594
4825
9181
9741
1274
56
1948
3244
8533
3999
5709
6304
3589
666
7379
1563
710
4113
9953
3689
3475
3
232
5590
8538
955
5806
2415
1549
8622
1200
653
7371
1842
3689
3663
8623
9958
1730
6055
6663
1869
3308
1017
7079
8524
524
2367
7007
4663
9879
6080
187
279
3503
4738
3417
1295
8460
109
2736
5167
1262
6242
559
4136
2833
588
5780
5680
8930
3222
4222
9049
4642
8286
997
1438
5657
5128
3048
205
1084
7557
2551
6555
1586
3142
7123
4308
6084
6059
1346
722
5539
353
7896
6993
638
3244
9986
4768
8484
7505
7732
8010
1110
8263
5846
2694
5569
5822
794
4123
7147
1121
4225
1592
6091
2024
2479
1411
4318
7074
684
177
952
3809
1260
6358
4696
438
3009
7965
5279
286
9088
4649
7057
7181
3890
1549
9612
2890
347
2153
746
8619
8928
9654
3490
6771
1524
1909
7908
3272
3044
8226
980
2666
53
527
1078
1522
3290
7518
763
951
7706
1678
5931
6278
8529
9835
5396
1699
2101
5151
7505
6907
5980
8205
2974
6924
5516
223
7307
8087
164
9998
128
6069
121
5683
9424
6392
3795
4412
2945
4739
2218
5233
4123
8413
5994
1511
1550
1777
127
1860
4921
8921
7533
1748
7528
1725
4926
3132
2078
9959
2
2125
1156
6697
994
364
2320
8257
3094
8367
9785
2123
9400
1034
9897
8679
2584
5882
501
2349
4944
3378
5130
8142
8571
757
1160
109
6674
835
6419
8942
9960
2743
615
3086
6951
8224
9756
868
5353
3375
5802
7734
9084
4384
8927
1022
192
9917
7391
6798
6290
3151
3211
1361
6910
9974
8901
5173
9664
2043
7474
102
6428
8724
6081
3469
5952
2504
3596
1289
2038
2163
6541
3132
6478
6780
1523
2697
6315
390
6692
3740
5884
2516
3348
5915
8734
1808
6807
6939
6480
7197
1492
4583
2472
8443
620
5773
7940
2636
5881
2664
2980
7893
8569
2341
1542
3766
8173
3200
8513
4510
1133
7647
9126
7929
7135
2451
4755
4011
9191
2362
8923
785
7665
6839
5683
6246
1085
4854
6541
2099
7755
378
3610
9067
9479
5242
3452
4310
5702
3644
7178
9292
1698
8224
632
5429
801
7697
6822
4766
6925
855
3543
5183
1520
1872
9253
7979
3663
9728
130
5031
537
4199
9426
9086
7887
9714
600
4196
6645
8452
8303
9418
5930
9334
9770
1713
3525
621
6845
995
3600
460
5037
7886
4298
2457
1973
3762
1720
9108
764
5150
5723
8901
5987
1158
7896
5029
2291
9863
8179
7057
710
9374
9629
1770
4052
8598
3585
1808
9570
6656
2137
1680
8390
8744
9110
7451
2701
4149
7952
5865
2481
6833
1146
9806
9989
1690
5706
156
2579
105
6584
2201
1593
9617
6853
6019
8510
4714
6669
9617
8107
6142
944
1947
3960
2723
941
1789
8660
6731
3312
5336
234
4040
350
1081
5424
4132
7470
990
4737
8832
1083
8246
9902
6571
2679
6729
9088
2117
3106
5720
2866
885
4988
8390
2396
5448
4951
8183
4370
7835
2544
7015
9263
1387
5983
1903
4652
2362
5900
355
5718
2309
2773
6256
5727
6468
1518
8244
6483
5217
632
5102
9853
1053
1957
6760
5259
2127
3707
2657
9952
9758
8647
4560
2952
305
8099
294
7329
69
1963
5236
7225
4687
157
4445
7522
3203
7728
9069
7837
8005
7158
522
678
13
3332
8041
3324
7552
4417
9012
3892
6300
5645
4091
9438
2884
4165
9289
1480
8605
3188
5080
4641
5240
1916
3271
5505
7714
2229
7403
3976
2360
9701
3588
4244
942
9921
7378
2118
2706
8930
9895
9207
5533
8588
8654
535
3562
9051
3533
5191
9130
2591
6263
2568
2822
5833
9269
1027
9671
4198
8374
3242
819
5452
3684
3358
4680
2483
6842
8083
2622
6502
5731
49
5960
3546
2691
45
1900
9502
9916
4919
1539
4211
3786
2053
9715
7101
2288
8272
7483
9371
1271
7661
2734
3476
739
5358
4643
5571
8201
9642
2988
8260
3022
3403
3127
383
3106
982
2578
2437
4173
7185
6162
5880
3416
1664
2245
8320
9951
1488
8293
8971
613
2935
2576
3013
3529
411
7447
7528
7383
1667
7380
8277
8818
779
1312
1684
3729
44
2627
3880
9816
8571
5901
919
4009
2576
7396
9497
5962
523
751
5247
9544
9522
5475
7942
5836
2589
5676
7723
13
8246
3422
9729
7943
363
3532
4896
5322
5910
9737
2801
9206
6799
6861
4744
5189
1791
42
2513
4569
3593
2239
4238
905
7093
3373
6783
7526
4956
6185
1011
3106
5451
2161
5967
4067
4865
1539
1885
37
6475
1178
2806
6942
9651
1113
9954
2437
1684
1869
2191
6101
674
8879
241
4463
8999
1639
5465
9006
7248
103
1577
1679
266
6999
7751
1408
9831
3052
2144
8024
3317
6575
2143
9240
2209
7771
8478
928
2152
5223
9692
3125
5646
1061
1343
2450
578
9689
4556
3996
3730
6222
6325
9371
9963
3686
4946
1957
1940
8369
9587
5293
2763
6208
3701
93
3456
9145
3267
1071
1233
4798
9119
2594
2453
2377
6657
5722
845
3131
2031
2297
4264
3142
8718
6750
4422
8631
360
3787
2399
2680
222
3083
7589
2708
7775
4035
9671
4589
5530
1897
7256
3179
9217
6466
7871
7925
783
7600
6336
4389
3275
3180
4315
8199
477
4080
6579
5058
1440
8281
3554
8218
1080
9563
1483
1061
2071
1685
9968
6653
4731
2134
9461
9765
601
16
8741
9840
4880
5563
1731
3774
5543
5838
2179
1928
4345
4090
7515
6846
4739
4599
5044
5951
4682
4291
1189
4137
6162
4200
1826
9393
9661
206
6305
7382
6833
1825
3037
7921
1133
2324
6462
3951
732
6165
8985
1906
6859
5363
3060
229
2520
750
2109
8351
4572
6526
8827
2697
2570
3286
21
8371
1832
3162
5458
1204
3342
1023
8801
9009
7213
3682
6409
2704
6450
8907
8691
8909
42
1715
5495
3789
8920
6981
5589
3857
853
7985
8502
1549
151
6726
7697
7882
9317
6049
3809
3224
202
7281
4135
8680
7353
6205
9437
8473
3872
4888
8091
753
2479
3891
3549
9535
9946
7924
9156
2414
9117
9014
9068
8925
3473
81
8062
957
8444
8075
4695
4394
7661
1887
2745
4014
4040
5085
1552
3746
9886
7170
9575
8454
1010
6794
700
3523
4551
451
6546
5470
8750
5188
294
5408
3438
4989
9924
9365
3796
9841
6202
9714
5070
2833
3933
5290
787
7979
1819
7202
486
435
8369
4531
730
5024
8574
2464
3559
7515
7095
441
157
707
1164
6704
6665
869
2155
6378
6518
4410
4564
9303
4726
8032
9837
9829
4897
6702
7447
1570
4605
9906
9760
3009
6063
4574
3546
2656
2433
5379
2972
9015
2005
5004
2647
867
8872
5982
4764
6771
3242
1774
764
3939
3565
2100
2656
920
1932
9998
4858
234
7518
3048
172
6649
1387
9435
3975
6585
6814
8083
1943
6080
3979
1670
2157
6610
3188
3602
5053
1290
9927
8854
5002
3980
394
8499
2958
584
5705
3540
2462
8930
207
4476
557
6944
403
9455
1903
5252
6981
8516
4609
795
5098
1225
9096
9461
148
312
391
2181
2485
6728
3925
4907
4197
4007
1375
2352
6594
5463
5113
4050
2760
1046
3002
4129
7842
9715
5817
8617
5087
7341
4403
3825
1560
8350
1007
2835
7696
1544
2051
3197
6157
8943
3399
2856
8599
8711
8603
1255
3231
2527
6885
6033
2674
5695
6893
5475
1150
9453
6189
3456
6227
5766
4819
1802
1661
188
5721
8038
114
507
3063
4058
1671
432
5735
8010
9096
7708
9242
5524
2503
6725
1065
1513
7621
1901
7214
5917
4335
2072
9939
1664
4602
3848
7723
94
9186
8043
4752
8724
2928
5416
7597
3220
6314
1365
2461
6747
6895
7709
2420
3200
627
1440
7389
1168
7144
6459
4547
200
5198
6201
5971
5795
4588
3882
5041
1109
1711
148
6059
902
5234
1639
2652
6179
2863
7765
7089
9489
6773
7666
97
2755
3771
2520
4808
9103
8195
3934
2309
6268
7027
9098
9637
2447
5200
2548
7071
4918
2299
7197
9586
8468
6305
4017
8059
1630
653
3657
6812
85
1985
8147
5369
6933
7430
4437
8724
9006
2368
512
1212
9105
9669
482
2737
4413
94
5999
1404
1402
3343
8513
8957
7669
2820
3469
3716
9774
1741
4455
804
9199
2124
4729
1396
7214
2588
9664
9288
9684
5892
7384
5872
1359
5692
1465
3520
1300
3104
4770
1232
6409
2722
5877
2548
9875
6101
9763
5118
9547
4743
2505
1922
918
4190
9067
8635
1045
6790
2064
7564
5066
5178
6286
5434
1021
4226
1160
520
7838
9931
1637
5347
7291
9341
8003
2415
4340
2105
2139
3361
1389
2066
9847
7774
8916
8126
3361
8676
5684
3068
9662
6600
6969
8504
7803
176
980
8188
4534
4882
2177
3690
5457
5372
7368
3128
7762
9830
2673
6970
1454
2373
4476
1606
5447
9649
9215
212
5892
3177
6049
1013
2945
1429
6791
4326
294
2140
3932
5989
1788
5271
3751
2131
8396
2997
1463
7802
490
8049
8834
3168
9107
3378
6719
2285
2435
8049
5728
9674
9947
9392
6869
170
9329
5225
6588
5741
5431
2804
8541
7059
1744
2333
5414
7646
3168
5510
8674
5339
5684
4008
4671
1651
7043
1504
7535
6812
6403
5464
255
7605
7662
4643
3303
7714
390
1453
5234
4949
5431
2642
9439
7390
1228
2094
5142
5572
8565
8565
8527
8740
9767
3860
7151
2473
517
6407
7844
1694
4333
8060
1412
5280
8950
1848
7553
8006
4633
4489
2256
2629
8589
3260
1065
5695
5687
3632
3265
349
8386
9579
7591
2029
3324
5739
2828
333
5329
6111
1766
3384
5675
1223
8471
5840
7034
9529
7785
9198
5793
7926
9533
3030
977
6332
5525
7246
266
4173
2462
6592
2511
2640
1169
253
2169
1463
1676
101
3359
1472
7693
437
4037
5088
5823
7072
1218
3501
904
6001
694
106
6834
6111
4748
1897
1961
8338
9804
2924
532
790
6900
3596
535
5021
744
7598
7720
8522
1496
643
2753
9659
9953
7935
7445
9702
5815
716
854
1384
9697
7519
3511
937
2597
7291
1022
3524
533
1077
5932
4070
2522
2200
1231
7893
8721
1626
1176
2515
8243
8446
5577
6114
889
2795
7969
3562
3983
5422
2011
1034
3481
1403
6803
3979
4996
8218
3787
1147
3918
736
6702
3273
6424
2730
7539
6988
4394
3009
3539
8104
4344
8699
3534
3123
4004
1918
1611
8661
6661
7467
3023
8271
3494
2216
9072
1886
4033
446
1146
7808
2814
5989
6001
1574
6198
604
6937
6986
1293
429
5267
7027
2160
9120
2728
6102
3387
1231
474
9647
8094
9531
1273
833
2577
9629
5028
3178
4037
2575
9953
1131
7005
5676
2111
9558
5517
5764
6713
2520
1569
1781
3630
122
9058
4727
5231
7650
7285
1414
9016
3039
5844
9894
5650
5782
497
1458
7272
3782
951
1573
265
2531
8739
4013
1198
7984
3060
2060
4589
7550
5375
1409
8253
5637
8486
6134
154
2464
3642
4059
6811
8302
782
9668
1010
1206
3950
1343
7988
1499
5728
1704
4714
1680
8889
8272
3479
2254
9123
7867
8091
1523
8718
104
9416
6461
4437
6791
5347
7959
4562
8279
4092
4004
1556
7261
3713
682
9328
2763
16
9840
2630
5600
6364
9275
3558
1101
898
6869
9011
7160
5181
448
5606
3412
9750
5657
4214
5745
1856
8112
7382
1328
5139
4423
5663
4985
1623
9882
9952
2256
8548
5886
2003
8726
9783
9804
3011
9900
1143
2047
1339
2285
5321
8588
5904
7788
4241
8163
5665
2108
7770
5155
5293
7983
7656
7410
2838
2449
1339
1661
533
7269
8359
2428
4735
3840
8274
6010
4438
1285
3630
9876
8035
5649
5016
5696
7474
4441
5759
3552
2718
3360
4377
2343
6719
6700
8930
6523
4434
2091
5431
971
3784
7235
418
4131
9488
7607
6646
1662
1961
1089
1822
7083
4339
9724
8433
3620
9574
8257
2297
4346
4310
4277
7236
6725
4245
5152
4138
4427
2345
1953
3505
2718
1040
5264
6973
3067
1008
1220
1211
1551
9396
6054
9840
5037
3268
5350
2318
6927
8388
6109
1431
2169
8224
8003
645
836
7382
225
3577
6729
3477
2905
8370
6667
3333
9221
6464
3179
7351
4237
4249
1494
1949
446
8620
8050
9453
6199
1077
1209
7027
1317
4161
6053
2789
4978
402
6540
8106
5257
7125
8142
9117
8653
4337
2541
5855
650
4147
8587
7115
9052
9544
1099
7294
2207
9754
9537
6999
6007
6159
5851
1067
9185
8302
2436
6876
9546
5508
5655
4250
5566
2550
785
26
8499
7224
1082
9031
312
3165
8053
2214
5352
9615
5461
31
1267
2722
322
1625
4110
7748
4029
4708
3162
6792
5169
2669
7811
2003
9323
4413
154
5510
9723
5811
1813
8813
2362
1908
949
1783
7742
2336
6728
5720
6237
1686
8465
3819
1407
6827
5445
1996
1638
7383
9750
3221
9970
2896
9781
9127
4176
3051
4
1243
6355
9392
3562
7929
1942
3230
8986
3385
8465
6015
1302
6153
570
7949
2160
7231
125
9413
5010
2094
1135
2683
3599
766
2736
6366
7225
3159
6175
9853
5315
2878
5026
4234
1546
1060
870
4206
64
3707
5668
9565
5561
6875
2165
4203
4394
5028
2295
2272
3406
4436
5999
1128
1339
7723
1234
9662
8581
6349
1231
5898
2737
5895
9184
4344
6397
38
5057
4667
1806
6373
2207
2609
8825
3653
213
2761
3654
1634
66
3299
1298
6916
735
7399
6052
7507
640
5448
4050
6911
7354
4730
5365
3662
5220
7042
7115
8823
7600
9677
8283
1822
5579
5316
478
5457
7699
94
3180
1059
3001
6470
484
8935
5335
8639
2801
1424
772
4165
7737
102
2501
1286
8279
1899
1398
2960
7228
6718
922
2925
7249
9456
688
3933
1040
5525
1398
7906
7124
3502
3602
9074
4526
3093
9118
6152
329
3128
4388
5100
5505
4377
1194
196
3007
8677
624
6043
8632
3460
5704
6097
3975
7185
9845
5252
2791
3067
807
6525
7158
442
709
8942
886
1797
6893
8170
2134
8628
3352
9781
7121
9698
1745
5790
293
9957
8743
5242
1591
289
881
6740
7413
9114
2
6609
4683
1561
7518
8744
3098
9552
3339
4450
4326
7889
4491
5390
2623
1820
4169
1353
9651
295
5186
6556
97
9587
710
1126
8129
9949
1950
4859
2963
1699
9985
8653
7429
455
3074
8746
9512
5320
7916
55
5205
1247
1537
7131
956
6183
3518
3503
8526
3602
4644
677
1596
8231
6115
9269
4174
3920
9895
2928
5241
979
8791
5343
107
5167
5580
5948
185
122
5503
7987
2251
7720
5910
5178
2741
1391
2721
4927
3705
8553
3199
497
7644
9977
262
4097
5719
2417
9491
9274
3615
3651
2831
8415
166
919
6931
1157
5347
4221
1805
6561
5952
9124
6515
8242
34
5626
7735
5937
1822
8356
3260
8056
5850
2960
2024
5042
8818
7161
6539
226
5597
1532
383
8454
6815
6137
1744
4877
1679
4699
2701
7398
700
7083
6047
9195
4107
8801
4698
1854
1268
9421
2723
9555
4735
1510
8753
7615
7897
5841
630
734
6219
484
7135
1051
5932
747
3962
4540
5078
2058
3176
7132
8183
884
5459
3373
5449
9340
1618
4077
6035
2426
507
3657
337
6769
1368
640
7442
3182
1309
985
1425
8099
8952
646
7927
7877
3018
1739
3422
3619
1158
1242
8457
9624
6727
273
6530
4627
1142
7319
1251
1253
2093
418
6842
5002
3734
717
311
7115
5751
9784
1911
483
8034
2224
6038
3233
2135
7761
1041
4590
6446
2985
1642
8368
5618
6318
735
6093
3327
1299
6573
2356
5680
9591
8720
3129
4354
3294
3886
4303
5549
8405
4822
2699
2292
8544
4643
182
2795
822
1477
835
3480
4463
690
8146
3389
2093
6200
3060
1173
121
23
7088
8797
7855
8589
7653
1909
1596
6689
8449
4391
5047
3748
8322
8743
1214
5413
9131
267
8834
1956
9497
6877
22
6921
4262
623
3412
4742
5502
1247
7361
2458
6608
4459
1586
1048
199
1414
9391
71
3690
1452
7606
4267
2657
7346
4083
5620
3689
8081
3870
1685
6681
3125
8390
6183
758
7857
4717
2927
212
5829
5444
2030
5278
6707
1321
2680
7512
3598
3757
2680
1202
2468
2603
2865
2288
4398
8150
2599
7272
3557
4930
1856
2539
8887
7766
8229
408
4954
2912
8237
9102
9073
105
796
1728
3373
1754
3751
1454
8293
7856
4300
897
5896
1789
6320
7222
1906
1119
4824
960
2270
708
7340
647
5468
7966
105
7493
35
1827
135
4739
9768
4856
8106
6095
3312
5584
6508
1777
2738
5391
4779
8655
6752
1076
9550
7053
983
2310
2526
5640
821
1294
2227
1397
6043
6582
1693
5029
2244
2224
7300
9277
4117
9290
6146
8947
868
1360
4111
2283
4350
7843
6797
1859
8307
3305
9461
9259
149
1588
2609
5402
2370
2007
9820
300
3965
4519
8471
4768
1748
6254
7630
9986
8493
3542
2698
660
6947
100
8
5730
2416
2770
8634
6630
394
1010
4940
905
867
9360
6505
8604
2796
2328
9871
9062
7226
5991
8753
7198
2508
4070
5468
2027
5611
8292
8380
2042
706
6979
8559
8928
865
1047
5866
3360
5565
890
5787
2479
5402
9347
8479
6807
4539
5895
4117
7897
1225
2993
6450
7078
1203
1679
1606
144
6661
7533
9407
6476
7868
9638
572
6571
3800
1319
5205
5641
2931
6566
6554
1285
33
8579
3929
5842
5528
6047
740
446
3235
6362
5537
2369
3842
321
1588
2504
6403
1336
9290
2243
4103
7107
1608
1244
9966
8316
6195
1337
2628
1360
1009
9747
1841
1867
5552
5815
3019
3045
7141
8237
3471
4716
2824
8072
4688
8164
1870
1325
2542
4781
9911
7431
4411
884
905
5114
2746
77
2909
7047
281
5519
1064
944
849
96
8877
4492
6987
4083
7168
6845
1254
9982
3486
2384
9030
4769
3660
6709
7422
1796
5981
3328
4817
6625
9688
8239
165
2418
6089
8108
8074
3452
1687
309
4490
4700
7798
2219
3969
6048
6654
8040
3311
1865
2763
7780
411
9391
4614
2185
794
1318
7812
1030
6833
4145
5630
5793
423
1700
8241
8592
6446
2029
8758
2858
2068
3190
3508
9770
8757
7220
2341
404
6547
4452
8727
2699
6168
3751
6068
2561
1515
6666
3012
6528
8530
8492
2849
5305
823
8666
3003
4075
9630
9517
1837
1495
294
8086
8336
2194
4398
1112
1263
3178
6969
8535
2282
9852
4661
8192
4110
3301
6920
7865
7557
8391
6237
3338
219
9423
7150
764
4081
1637
113
3873
8005
9780
3288
757
9137
3274
500
7091
8594
2418
3530
9290
2700
5152
5273
5522
4045
524
7914
9322
255
8387
4537
4820
7522
5915
5987
4291
8009
1558
8640
2755
5252
5320
2580
3114
3902
2764
7696
5293
4264
4835
4286
9670
9317
8783
5645
8245
2087
7168
8345
453
2747
9788
7343
6000
6528
7668
9631
4390
4157
1157
5283
7978
9091
9148
6031
4845
7921
222
2106
1711
1879
2263
236
402
1534
2433
7208
7490
9206
1287
3932
3986
6735
4602
1286
4105
8220
2692
2250
5677
3028
3723
2833
8286
3179
9112
9988
4486
7617
105
873
7568
4265
6116
4253
1063
7117
3757
9651
6848
2816
6058
571
1498
5060
6340
4023
8820
29
4113
5419
4384
6886
1280
643
2120
5922
6484
9896
8350
1174
2213
470
5480
8997
1235
6616
1771
9435
9149
9221
2375
9551
5313
6032
9572
7859
7252
2538
1227
1373
4644
890
4520
9131
124
784
2079
4946
2120
5846
3292
3448
1242
88
527
1795
3740
9478
3192
6385
9271
4887
3216
5257
2467
5488
5336
8098
5552
3766
9333
2579
421
3984
6173
5995
9750
192
7691
8786
1995
868
5017
3823
4463
9944
6414
5899
1479
5166
9302
6997
7988
4945
2050
9464
3290
4294
4767
7115
9265
3971
6379
4263
4395
1269
7205
3774
6696
2989
948
3497
4439
4330
7004
51
2350
9581
4844
997
811
649
4619
369
8972
410
7413
6451
1436
6903
4384
6308
1311
4907
4228
5185
176
5648
8794
4364
7928
9853
5235
1585
1202
1314
3277
4412
1341
8496
6146
7689
1522
303
9745
1196
3558
1626
7537
4178
8450
7950
8483
2679
9953
4883
7208
3321
954
4666
5427
5261
223
5256
3632
6465
5317
6001
3940
5858
7685
2745
3111
4095
8514
5911
288
4237
124
1659
351
2588
2692
3937
209
522
1121
470
1039
4167
5042
1578
2136
1257
3557
9159
8913
9073
6008
9986
9642
7869
8062
2175
2691
4783
6276
5593
3470
2622
8548
2898
710
5307
3177
4312
4945
8039
7781
3722
6674
8595
1408
3209
2802
8281
9410
8082
5248
4025
4850
2266
1574
9525
6191
2123
1534
769
9951
5951
1525
9542
9143
458
7631
710
4043
7628
2459
7957
8870
6023
6456
7766
5835
4863
776
9555
7997
1264
6500
5153
237
9252
7009
2739
6226
8948
3217
2286
4269
2686
2764
1021
2029
3241
9825
853
9008
9845
7528
1372
2060
4246
9658
3750
7533
5411
6562
3904
1039
41
6230
8273
9519
6454
993
5021
2125
5571
2707
6012
1844
8913
3276
8683
3293
6711
164
9777
2449
7098
8238
6676
9294
1823
5246
7836
9756
9437
7369
5753
8992
5703
2156
2881
8561
2328
4656
6717
3817
399
204
612
414
9614
7996
4216
4993
9053
3984
5200
5558
7396
3224
6165
8486
4905
1886
6065
9185
630
7556
9588
1048
6095
1696
7689
9419
2739
6902
5465
4430
2865
69
1199
7297
5485
6868
444
6223
2243
8014
9595
5719
6154
7195
6663
6282
6205
6866
2619
2084
5622
955
2731
5135
2860
6426
3394
6500
7119
5481
2811
9667
8961
821
4868
469
791
5916
1951
6512
2048
1445
3578
4363
3429
2641
594
3603
2226
5472
9204
5373
148
247
869
6220
3124
4849
1602
6566
6147
3155
7594
130
166
3444
9626
7492
8276
4477
7225
2428
5261
397
822
3580
3917
897
3214
7337
2193
8850
1203
2788
121
4191
6985
9705
5039
701
4211
1495
9608
8763
1485
8993
8984
3083
5467
9349
7019
2430
2050
2043
1393
9615
373
5040
5257
5539
8148
5876
1889
6143
5983
8720
6093
1019
2433
5260
550
806
8491
8288
9157
4458
4526
2633
1713
1809
7134
8303
6276
199
7811
1093
2053
1842
6033
3840
1425
1760
6314
6347
5355
5120
4594
9914
3255
6116
1396
1294
5393
2757
9236
9065
6627
167
1284
8930
2902
8622
7514
5579
2713
1521
1490
657
1568
1214
816
9124
2111
2527
4233
7383
3191
8780
7299
5466
6975
4337
890
4951
5255
2769
4916
1065
4025
9130
231
1732
898
2219
7017
3681
2096
6211
136
6712
8059
1564
1420
691
3336
4120
4026
817
8716
5979
9114
5128
1726
2154
7995
4878
689
9522
8757
6650
2464
3435
4367
9158
2299
5454
4194
1304
369
1862
3630
7810
3438
883
6524
6231
1303
3364
643
8286
9043
6342
5967
8236
2156
1047
5391
1229
2198
5856
2126
530
464
7411
7828
834
7497
882
7885
6730
6421
6608
218
5703
5104
6859
1255
246
2385
394
6334
1865
7843
5347
3002
2013
320
1345
1358
7354
6847
8772
3910
2538
3952
4233
2046
6814
5141
7980
7842
589
2707
4667
2678
8111
7017
4109
5495
5129
4833
5890
4482
665
1509
3709
115
6036
147
1151
9776
878
9955
502
6679
394
6265
7622
6821
6963
4903
390
3033
1402
4628
3566
457
2561
8626
4176
7267
1160
8765
6613
8534
9765
2992
3529
882
5001
8508
9114
6285
929
635
4668
4984
1402
2610
1841
9249
4345
7478
1447
1643
41
4992
8610
1995
7014
3171
5532
2115
970
7245
9866
7540
2982
3501
6609
5327
8724
8612
9960
5966
2602
6255
1824
7057
3522
5604
7234
7563
6295
122
4183
1070
8034
5710
8414
2403
934
4916
3577
6495
9545
5210
3497
611
5636
5267
4444
8227
2141
6611
1731
2889
2499
7974
4985
3114
1529
5270
9153
4521
6119
45
5791
5163
3725
8871
7674
8555
825
1915
640
1615
9755
7772
8667
2459
1783
4315
9922
2500
5307
528
7475
5031
3186
2441
8560
2587
6392
9041
4567
4021
8623
3780
7622
2522
6113
6738
8863
8458
3623
2179
8744
2363
9593
9146
7078
628
6983
2157
5628
4123
632
8564
1854
7665
4272
5631
3883
1356
359
3453
5451
2789
7352
8890
725
7124
3783
7912
4995
184
535
1346
4074
5611
6635
6493
6517
5494
2763
9632
3841
1681
8410
790
7310
4429
1333
6241
4756
1750
9102
753
9861
4851
7354
1189
1378
5999
3207
3937
705
7405
1507
2241
2508
7448
9113
8844
5309
3033
7693
7533
3769
6812
1290
4686
4059
6261
3145
6758
1907
847
3413
9525
3630
2597
9645
1981
6183
7093
8745
3764
94
6625
2449
1479
4088
4872
4842
9872
9560
2053
8003
5979
8781
9302
4271
5142
3931
2464
1059
6231
4687
6640
899
8530
8669
1253
9512
7435
5275
4797
8805
2681
1652
4413
9082
2236
8550
2404
5064
3425
4221
4194
2502
3347
9172
8150
5779
1684
1000
2405
4093
3660
7680
9106
5361
6704
202
8874
980
903
7415
8254
754
4457
6106
8471
7557
5946
2557
8245
2297
7990
2020
1160
429
9036
4934
9875
8284
8480
8186
1054
8301
140
2398
7435
4647
2087
1229
6347
1273
5064
1058
290
3242
9196
3032
8264
5532
2295
6933
2577
8022
6695
8998
5792
8066
3471
2988
6375
4915
7107
8951
1746
8476
6719
7282
37
7261
125
831
162
7423
855
8820
2944
8339
7177
9783
9928
2165
1995
2198
6498
7767
7310
7274
5456
2123
8100
7181
9833
1152
6549
7305
6809
5378
6542
2163
1766
4059
6445
8632
9638
2430
7467
3014
240
470
553
9790
1360
5354
9551
1336
5855
4947
7776
1209
8658
9121
5394
5521
577
3131
429
3335
8011
1270
8241
9337
3928
1016
8541
4798
4159
2494
7885
5647
7114
6410
7188
4261
4358
4497
7722
3188
8479
8100
7912
2313
3964
8780
8850
1248
6455
3804
4243
4906
1648
2690
5935
8028
2578
1998
8549
5579
1477
854
8885
2887
6022
3593
8513
485
5252
4962
5829
1826
348
3648
7707
6036
8
2324
2987
3459
8995
1242
6433
3192
9616
2140
5841
1621
1915
451
8783
4998
9408
2255
2730
5062
332
6265
1672
6293
8737
3623
5912
8248
2189
7600
9028
7745
6556
6944
582
9249
8941
6942
76
5452
6643
5325
9663
8731
9197
4944
6192
3159
8601
4641
8244
4965
8164
6563
2914
2829
2340
1622
9338
7616
3946
1084
8377
2281
674
9642
8202
7107
3485
6448
7359
3947
289
525
4592
3831
7055
4701
2370
7943
8070
7460
6972
2315
8550
7279
8663
1782
3655
7769
7428
2017
2011
5883
5202
3331
5025
5080
6208
9679
1803
5960
3408
2559
3715
3683
9916
6624
105
5761
6317
6077
4128
1663
7018
993
5274
5253
7214
5383
8641
6214
6365
3236
9224
599
824
5127
5105
7731
7679
4848
9520
4030
7991
4639
2911
553
4876
974
7715
4822
1673
9298
1455
4172
277
1805
1336
7981
9808
4712
3322
6006
9518
2752
409
1718
8435
2446
9242
2499
5024
4651
1474
7097
2749
7923
6702
85
8040
7673
7397
930
9485
8188
4796
1713
4134
8025
649
846
6788
5857
2090
8768
2351
7901
2374
3617
4170
607
4131
4096
6139
2522
1722
3955
5034
7924
6745
9968
6231
7210
4184
8254
2673
8341
1725
5911
9764
1549
4643
6049
8675
987
3865
6558
5815
9555
7303
256
8806
6546
998
4897
2711
7124
8001
5746
5765
697
294
4930
4530
1464
4018
546
4334
1429
956
8198
3832
2271
5664
6446
7860
2813
8703
2934
9118
1675
436
715
2222
9439
2203
9855
4685
1281
29
1503
8807
2842
1903
2899
1809
316
364
7749
4972
5202
2960
8742
5098
5945
8038
7245
6912
7360
9492
5729
798
684
5158
4729
7243
4543
2936
1586
5796
4746
2280
5378
2663
9808
27
538
7962
9500
4830
3857
6962
2422
2112
910
2273
3555
5311
8774
271
1195
6416
8743
2108
5470
9603
1620
4101
7657
5686
2514
805
1430
4601
3874
6014
4818
417
1553
1144
4450
3777
3516
89
9160
7318
647
630
243
7474
6480
2552
4198
8027
1744
8099
778
5589
3058
2131
661
1309
1031
2727
477
4359
8616
3875
1640
8891
2846
3297
5830
2779
959
1544
337
5849
6026
6464
8083
6502
8164
244
2329
8478
4307
7608
2119
9682
1372
8077
444
3494
8728
5603
6887
8140
9117
4207
2890
9632
2826
7390
158
1094
1074
7624
5880
577
460
1560
8842
5285
9514
10
3789
1983
9210
7734
8093
9364
1242
1629
5509
1527
7007
33
6429
671
7239
2378
3425
2424
1404
4646
1956
9960
1100
3104
1797
4438
568
7029
8449
4230
1338
387
1161
2823
5195
3827
5301
4097
9699
1576
9369
1993
466
9336
7958
9736
4430
91
9716
1579
1694
82
1600
9835
7863
