1641
4692
8433
1501
894
3980
6140
9985
3976
1075
1377
8373
429
9744
4521
6435
6161
2822
5434
329
1850
7208
874
9151
3552
9565
7833
8187
5796
9217
896
4529
5603
9964
7684
3999
5210
7927
1120
5463
7660
9100
226
1054
9186
8381
3300
2213
2386
361
718
3910
900
858
3962
9282
9121
8881
3048
1496
3484
934
5283
2152
4117
2699
5652
4265
4460
3425
4534
2984
867
2686
3850
9954
4887
1709
8683
6612
1296
2517
9044
7232
8599
9855
6496
8898
1512
2338
322
1348
9544
9073
1335
9856
9496
2456
2921
4276
8139
3571
9750
2330
5204
6896
4176
4712
5108
7957
5862
1174
9219
9125
7410
254
492
2991
3684
1193
8270
1655
7152
1751
2911
6714
771
1743
5924
1036
7372
1976
7839
1156
2120
102
2457
2874
5966
938
8448
9519
4781
4259
8194
558
5650
8906
378
1522
8254
4477
9882
169
1096
2681
9082
6631
8991
1501
7760
1854
787
2349
5105
364
3444
9092
6279
5077
5115
8510
1764
4018
4600
7653
2133
4970
9195
6154
1386
8097
9383
4951
8709
687
2547
2850
9041
2994
3379
7940
1237
1638
6711
810
8041
611
274
8908
504
2968
9278
509
2935
3239
8159
2723
5125
2128
8005
3703
3828
595
7157
3934
1750
4865
265
8009
4795
2434
7767
7754
9995
9356
9824
9817
8542
9938
7307
7046
5300
7627
17
1519
3634
357
7514
3188
3130
1273
5944
9225
111
8289
1953
2332
6183
7671
3075
7111
7681
2976
2435
9992
7848
5593
7639
5024
1225
1616
6757
3353
2082
5142
6187
396
3788
3780
9473
3425
6747
3260
1403
1895
899
145
5060
1703
1053
1850
9863
7845
8986
7874
5183
6054
4951
1476
7730
1896
34
3077
4522
8334
299
450
2244
9195
7118
6076
1756
7394
9521
2257
6681
9627
2345
2061
4212
5960
5586
3457
655
4936
9327
1778
9188
5228
9934
3141
3275
3561
7167
5914
8480
2077
3415
3494
8244
4245
64
6742
1299
9711
1331
4673
5831
4603
2697
4093
4667
1367
8110
4628
1
6315
4807
6264
5144
1922
4998
8341
281
187
315
1414
7425
4254
8461
299
8771
3379
3929
2201
7023
1807
7770
1298
6814
2208
154
8759
2591
9308
2664
8044
6359
8645
2555
2603
196
5663
8054
9835
355
3445
3724
561
7667
3497
9877
199
5082
4859
9970
3037
7062
5771
3534
5166
2118
9330
9477
9973
602
1822
9625
4159
2712
5629
9027
6227
7937
2797
8887
9231
5171
5440
2667
2964
9200
9717
2281
309
191
9525
466
5067
3233
8812
726
5389
2599
7129
6450
6878
8835
535
2313
2280
4876
4172
7862
5032
1173
8626
9152
5913
2000
8084
671
8998
1231
716
4926
3818
8251
3115
7026
5498
6569
4952
8858
4390
1946
9964
2344
4475
1105
9421
3151
6716
2570
2682
4796
1075
4698
6966
3450
2578
946
3721
5057
2127
2183
7716
1711
7232
711
6707
3977
8466
2852
1639
2083
7905
6677
6469
7759
8531
4910
345
275
629
44
8303
1054
571
6982
595
1020
9697
7713
4503
4168
3816
4162
3221
1169
4830
153
9046
2208
5036
6012
1443
1961
9446
6145
4010
8784
7902
2497
3059
5390
4954
4377
9682
4420
9432
8483
9104
207
9359
2533
5782
1837
6919
9559
5929
2015
6972
3690
3148
5327
1503
264
978
4691
5838
8071
5924
2531
9445
5330
6898
8680
3940
1017
4205
2629
6034
568
7204
5067
8659
2310
1645
8455
3991
3374
1351
4831
1795
2339
3533
1805
7251
5200
3054
3882
7216
4701
2586
7135
1406
5785
6320
9432
7914
5476
758
8282
4610
7660
7496
1527
773
1244
453
2671
1741
895
2886
377
3514
6107
689
4531
2433
699
61
5014
9796
2189
7574
4525
1732
3758
3667
8807
4980
1635
6966
3931
160
6793
2164
7388
3885
831
6534
9693
3811
3858
9055
8518
9657
4441
3839
1256
3056
7555
6743
3742
4802
8446
5966
7652
8060
2825
3636
3676
3786
7900
6421
5919
770
2518
4048
625
7796
6471
2952
4680
9072
7680
730
2062
2760
8551
2016
2453
3128
8543
1270
362
9539
2520
4348
4957
6656
3010
6043
2784
9061
6584
6987
7150
2530
5835
8339
9391
81
860
9811
2121
5020
9759
6671
8456
6976
780
9148
2385
5281
2887
5857
2579
1855
9058
5270
1440
9015
9090
5823
6747
6076
1759
5263
3249
2919
6960
2583
5405
1629
9527
414
7527
8848
3944
7989
7021
1465
8000
8971
6341
1844
1795
3375
9969
2908
7238
5556
356
793
6751
266
6356
6183
4170
3818
6400
1881
2557
2210
8868
1102
9134
4034
1899
4675
8836
3686
4484
1465
987
1189
7864
4840
7387
1817
2283
9940
7371
8000
3217
4575
6434
4546
7043
2975
6319
2260
7042
7985
1274
7773
9083
3246
8107
2519
5564
6317
1177
2344
7750
2762
5045
7010
7059
3222
9304
1527
1146
2430
2601
9665
864
2640
2260
8960
1650
4427
1848
6165
6640
5030
2672
6640
2764
8885
8772
2613
8803
8983
2464
7668
5595
4451
3846
6377
2286
7332
864
737
1125
4243
3368
8046
9625
8660
331
3388
7654
3523
4459
4309
450
3745
3829
2370
4028
1081
7987
3636
1224
3112
3410
6786
1434
6173
3894
7971
7392
2748
1836
4494
3125
8713
1249
3216
4083
1540
3201
8366
9946
6560
690
8044
1982
3480
8274
8109
1637
4516
6510
5339
690
536
1174
8106
1627
8110
7293
1976
2786
3670
3973
1271
3762
3562
5114
2911
2615
4343
2637
4014
5283
377
9908
6385
3007
1590
448
9351
8991
1645
6863
1747
8857
16
9363
6227
8871
9296
675
80
2667
2297
1009
1893
8755
8750
2204
1906
7389
1525
2390
1107
604
7894
2617
8157
4619
6816
2309
6713
6897
8237
2701
2853
102
2775
3571
5334
8806
6539
4577
4402
6724
6685
2058
6766
8464
3084
9823
3715
6060
7
4358
6
7483
2576
1081
2616
635
4832
9499
1467
3572
603
512
5687
897
1429
8605
1963
8943
4421
9597
9640
8436
122
2054
2490
8962
3148
8108
584
2844
9172
7956
6191
4904
8429
8699
3290
8662
1004
6872
1701
1872
8367
9616
7713
434
5523
2953
3306
9739
1912
6401
8152
6772
7288
8543
4179
9889
1606
5561
730
7446
1492
1816
3030
956
2776
8937
5210
7333
4863
1270
3390
9292
4466
9397
3437
1695
9832
9855
8907
5217
4684
1251
2107
28
8096
9355
8671
6596
1667
7984
9409
6130
207
5482
3474
2207
9014
3626
9378
9071
8398
444
399
736
2378
4839
3329
5923
7756
695
7893
650
2791
6013
9641
1987
1082
3236
4088
3540
7082
9543
5077
7879
9950
3250
3901
8792
5553
1895
8296
1789
2227
9666
8945
2981
6129
6526
6598
916
5159
7145
50
2110
6835
2613
4857
7457
4476
913
1972
8121
4915
4472
462
3774
2280
5864
4733
1024
6880
1238
5973
7190
2197
2351
4826
8515
8591
5106
6724
2730
9298
4557
280
1380
2424
8581
3365
7808
8976
9562
683
4074
5543
2602
4259
4846
2918
516
7051
9391
8027
6448
2385
8003
8317
2205
7266
6161
7643
9595
387
5679
9892
1963
3072
4885
1244
4276
7811
4357
3901
5575
2007
3615
9884
6596
9437
1456
5582
9150
7055
6251
107
685
9011
748
4754
8307
5075
4920
4477
3538
1307
7864
3590
5915
802
920
1065
2889
8508
3291
1036
7328
4543
2529
2173
1952
2164
9452
9851
1855
3297
8607
4775
2710
6069
4664
908
25
2179
1200
6365
7149
9171
5648
1198
1110
3733
726
198
3214
2808
7976
1860
4109
7546
9544
9951
6997
2880
8473
7762
9005
2216
3633
1464
8577
5277
8319
4803
407
4859
511
1124
9637
9636
1948
3222
2530
1715
1878
1964
6874
6798
3876
6477
2726
9857
8027
8540
5659
3529
9183
5517
9121
7070
378
8452
9943
7092
5771
6928
8950
2819
1312
7113
4115
5398
7943
7094
3304
9714
7665
4066
2789
5304
1944
223
8131
972
5987
2107
4698
2022
504
1779
5476
7305
8065
9029
4065
706
7634
1930
4364
2579
3929
6004
989
2353
295
4404
1313
587
7710
3680
3783
4652
1388
2595
2797
9971
1607
9829
938
5008
2377
6604
5020
9186
5022
5331
1030
6815
7244
4154
7346
3011
8867
14
9037
669
2228
6442
5347
6774
7350
9598
7208
9907
7975
7248
2874
3821
2176
6960
2339
3407
4077
2513
2227
6864
2523
36
989
4850
34
4870
2273
6410
1269
7438
7098
2017
7991
4192
4488
1370
1025
1157
8785
2101
8498
302
6499
9075
5158
2071
8622
4107
2057
649
6944
4077
6478
3602
2464
2981
8619
6744
2735
4658
5384
4348
9612
5735
88
2796
5959
9825
3350
2700
7064
9306
5236
4806
5489
5710
5424
4271
6177
2732
4872
2924
6538
7983
7439
2564
4038
3646
480
440
7077
4753
1171
129
1082
6501
7582
4328
8967
9937
814
188
3430
26
7030
7967
874
7748
9718
5986
5925
9178
6560
7106
4827
2559
7831
9539
9895
9718
3049
2476
1788
8815
463
3011
1614
9428
2258
7787
1938
7395
7312
123
2100
2572
8207
3921
8440
5405
2193
7415
1619
2076
2185
660
4842
9669
3022
9382
1514
3877
317
7374
875
4086
9731
701
6911
1131
2459
9102
2511
239
4149
4019
120
8457
9656
3733
2113
2947
4409
4838
913
3259
3372
7977
6063
6297
251
8565
7049
2002
69
8278
2025
157
88
5284
2741
9732
2018
6664
2006
1629
7268
2236
140
697
521
930
3343
5292
2565
7848
456
1599
1697
5914
7186
1779
6934
8568
875
1479
40
8026
2144
1739
5590
1090
7704
6549
6862
257
6495
2612
22
8444
7638
8276
8201
3200
25
2482
270
6580
8033
4704
3599
2718
6123
6106
9593
9720
6809
1194
63
6388
7351
4201
9396
4062
8768
2711
105
6593
5730
3822
403
1325
8160
9986
6656
9624
3735
4139
5772
4482
9795
6149
2703
6333
7234
8855
4921
7356
3193
8772
5457
5595
214
9727
2075
2384
2965
2546
6952
2081
1447
3777
1042
8407
8384
2282
8104
7281
8033
3311
1958
2779
3653
3784
4728
1631
4095
1954
7025
5661
1204
7805
5335
6504
5285
8389
1602
8625
7392
1886
8101
2824
9062
3350
1979
7760
9520
5893
3014
9107
5694
7096
1892
8773
8657
1423
8115
7645
2266
5219
1879
9362
386
6156
4297
5202
795
5378
3362
2056
279
5299
2504
6319
5976
4068
664
8002
3911
8587
5653
6038
5945
6013
7743
3083
9454
1619
7864
5870
988
6354
2867
8195
7580
427
6270
6401
9731
1008
4610
1870
7155
6088
5672
9756
1571
4277
9182
8292
1197
3028
4075
7635
9991
165
4623
6866
5220
3964
7230
9195
8715
2646
782
6280
760
5952
671
45
8754
7941
11
1193
1917
9062
1374
26
3376
207
4264
6639
6618
7224
1824
5921
2721
4777
9515
1828
6267
8481
493
5738
3120
9273
3824
9978
7967
6804
5171
7471
977
3962
8868
307
2987
533
7169
5406
6440
5980
44
8826
1014
6846
3469
9849
8239
2961
4044
5752
2971
2236
5727
2245
3860
3761
9296
4496
7306
1327
6771
2478
4264
7511
3430
4500
2695
13
8874
9410
2257
5298
5298
1181
5289
1840
138
9761
2633
2949
2777
4199
1308
5491
6489
5156
1501
8759
215
50
2480
1065
5190
259
159
1075
2281
2370
3431
6822
561
4173
8773
9753
6211
3344
5947
6420
1214
8467
5671
9788
2155
6040
7318
2783
134
3373
4133
2035
3164
8473
2792
1833
6709
1236
2191
3336
4180
3063
7653
7943
93
4295
378
3291
6375
1036
2324
2467
1569
5703
1874
1951
7722
6227
2641
152
7803
4426
7987
9244
5976
3835
7612
5417
3096
1691
7566
7020
8064
1803
3416
170
1895
1304
8986
7743
1253
520
9356
7204
5405
899
6672
263
733
4720
4518
6838
8899
1074
6814
5627
7282
9059
4675
639
2678
3136
5478
5512
1972
4356
4376
6261
342
3657
4652
7292
3717
3068
2044
2753
2408
2113
251
7898
7084
3096
251
3584
1076
238
5280
1545
1427
7606
9013
9524
4807
4009
4333
4548
1353
4268
1484
7713
6370
3970
2184
1243
4049
1569
8218
1040
6058
9865
9241
3152
4544
7938
9977
8176
8550
229
5568
8012
7395
3486
4025
64
1556
6912
8989
520
9063
6698
9598
4758
7477
4553
70
1252
9935
6686
1312
7194
8092
7137
6724
2211
8289
6374
2201
8828
1027
7359
774
2860
3273
6786
3177
2826
7093
4141
748
3867
5365
9047
5333
1899
1109
7416
1550
9630
8167
2395
356
615
4037
2771
4995
841
902
7149
2721
5261
4768
6565
442
1811
5630
5371
5533
6044
5538
4918
5668
1222
5163
7561
6441
6841
1274
5958
775
5507
8482
5985
4448
2207
447
3607
5566
5468
6840
1246
2939
1466
1527
5245
4404
8471
1833
3184
2987
2220
3105
2629
3484
3266
5234
9035
739
1561
3005
3276
9420
1433
5255
2519
8282
3306
9359
5107
1932
2098
3503
8497
2621
7405
4080
2194
7868
6034
499
1945
268
5363
8733
353
380
4101
8066
802
1641
9537
5126
4928
4530
9545
4735
3141
3852
5055
2143
5201
5735
4627
7394
6511
8833
4540
4531
8665
3562
5578
3811
6686
4936
2681
5148
867
4524
4647
9714
744
5396
7449
1948
5101
6210
7099
6114
2308
7053
1800
2887
8744
8902
9305
5193
8975
1470
305
4934
76
5126
536
4130
8520
151
1189
3334
8338
6068
9250
1947
5588
8316
9019
8808
440
5476
3703
4919
2251
8309
9387
2238
4753
4273
267
8221
7353
8796
9170
6676
4306
952
4995
3991
9102
1906
8337
3604
9398
3308
1836
8404
9838
5082
1165
4833
1755
9792
6853
2391
1282
3643
2401
1869
1938
6672
1232
2438
9189
9139
6039
6627
7859
5881
7093
7803
7864
9023
5843
6222
2071
2060
5918
7366
1311
436
2313
176
2317
8607
1932
8873
5490
217
2465
1708
5942
7371
6577
1211
2572
6427
2858
2684
2472
1199
8388
4614
3087
391
4164
8011
9614
4588
1200
7289
5598
7492
5157
8780
4022
7815
1141
4886
9809
4182
8869
9938
9330
6859
262
5317
6133
7420
7537
9302
1272
180
2793
879
826
8803
5260
6820
3906
9604
6970
8500
7139
3888
8361
4542
3999
8066
7336
2822
4186
8362
7939
1303
8832
4838
4135
171
4585
8942
6726
6425
4315
9774
9340
463
449
8810
4291
1521
2060
5036
2100
1504
8151
1170
6559
3453
767
8150
2957
5248
7410
110
7508
1573
3639
7461
5163
294
3183
6185
4111
5023
6890
1687
9413
1869
1869
563
3456
2009
2578
8029
3349
5908
6929
5408
8654
9762
8078
1613
3868
9372
6051
7912
5840
4769
9871
97
2667
1454
495
7173
1045
2622
2908
8533
2283
8242
1077
8120
3693
6436
894
2173
903
7033
9545
1044
5053
5973
5541
1214
2748
7043
9988
7553
3775
3174
2273
7328
8320
218
97
7226
1455
9470
8745
450
6808
2902
1841
1760
1904
6747
4904
278
3456
3766
5384
2581
2133
5613
763
3392
4631
4749
9645
417
9816
8393
3588
2956
4448
6098
7182
2801
9703
2376
2170
5717
5266
1039
6778
1203
6498
3142
3894
7134
8665
3476
9909
2891
7774
8771
9976
6573
739
1921
8759
7953
9509
1989
720
9995
8499
6015
4717
416
1651
9172
3414
7366
3986
2488
742
697
4618
9612
9618
1215
1001
2634
6360
7678
8592
5486
1876
1164
6345
1560
7145
2743
4364
4848
1966
2375
1971
1529
8982
2193
7436
3177
9637
413
2720
23
208
90
7682
1174
7988
208
58
2353
1289
7174
9938
663
9320
5717
7376
5146
2395
7437
166
6114
853
1542
5318
3303
6802
7546
394
9807
2159
8018
803
5525
9421
4830
304
8331
9074
3784
6082
6689
1793
8283
8670
9158
7627
6304
9346
6030
5414
1977
8667
8724
2301
2626
5814
482
8312
4261
5365
1664
1997
8093
8229
8281
3175
7661
8606
916
5414
5297
8906
6033
3815
2437
378
9618
742
2677
8421
6668
7649
7445
7586
8334
927
2738
3081
5778
6960
8488
4229
673
4326
534
9036
7756
2341
9695
2978
7016
6471
82
714
3722
5540
3900
2159
4483
7840
6572
354
7997
3860
4984
4453
9927
8273
2670
7399
7614
6739
8141
6529
7021
6787
6149
689
2517
8335
4876
9780
7440
5870
2691
1578
7731
6766
8072
9844
4450
9489
6173
8785
4521
4888
1337
7226
6744
2814
5198
8634
3518
4952
2267
1618
4682
8411
7730
5772
1309
3118
2748
4110
7860
6930
8588
9457
677
5071
7650
5235
4007
8721
8881
9706
3687
6580
6082
906
3048
2715
9546
7305
3963
9447
2746
9280
5888
7926
4517
6452
7516
4729
152
2567
1131
7131
757
1897
9815
5807
8160
4402
3129
9961
8542
4229
352
3632
8858
925
1360
4770
4154
3515
5757
1384
1521
9107
3896
3756
503
2787
1929
8985
5062
486
2206
3649
8630
4328
5346
5941
3499
2155
1121
96
8221
1353
8475
8516
4905
2523
760
6538
9446
5257
1419
2468
1674
3891
2986
5718
590
7183
2748
5012
2752
1940
1524
589
2551
4535
3805
217
4860
4804
7239
174
199
2431
2193
7017
7831
1371
5815
1435
6758
107
9806
3250
8044
7927
1229
8859
1668
9937
46
8020
1324
2505
550
8982
3152
8190
1905
1155
4569
1862
66
8172
5970
1167
3049
8230
3004
2950
4885
2574
2179
9065
5485
6523
9376
1480
2186
6851
9839
3697
8535
993
7252
2029
1771
6789
1978
7780
6534
7355
2252
2648
6442
1761
3480
9153
7228
1796
2464
3172
4587
5530
5475
7178
4897
1158
1708
1854
5976
5831
4889
6231
5870
225
9838
8023
8700
1664
9787
1987
3683
3498
364
1380
7000
5541
2655
333
5554
666
5547
2221
8097
7272
1167
2919
6354
4875
9449
2321
976
8862
1352
427
8812
5326
8452
7808
8640
9889
6556
6305
9521
2040
6960
384
7860
8273
7105
9306
3490
1104
1654
9017
1310
4462
7456
7113
8343
7634
4303
2121
3817
400
7446
1524
4297
6447
8061
4673
7152
8512
8710
1351
4855
5979
8466
6885
8933
5644
2421
4721
9445
9918
5783
1216
9451
694
8988
166
6760
5476
3574
4765
7692
2901
602
5419
3900
7053
6465
640
8052
7667
7423
8397
2366
4397
5833
2379
3924
5806
7875
1418
5394
4461
4071
745
3232
3720
5165
5910
9374
520
2935
2503
1281
7446
3004
7592
3837
1151
7064
4773
4483
8260
4785
5531
446
6917
8381
2634
2024
1072
7490
8285
4562
8164
4415
2733
7156
3754
9065
7763
1361
9894
8120
9085
2591
4811
4980
8643
501
1597
554
3802
9542
4283
4867
8728
3822
6476
1030
6617
3450
7912
1740
7634
972
2235
3077
6580
3983
5174
2986
1491
5304
6807
2163
4232
6814
2698
4378
1524
9388
719
8767
1493
8420
494
956
1854
166
3785
3228
4802
7745
2497
7544
1361
9897
6731
4691
7654
266
9283
8439
752
8428
546
1998
9168
4008
5741
9958
2610
6169
5230
831
3120
6262
279
5558
5587
6255
5636
8327
1931
7174
3456
1038
9249
7409
6715
8415
2827
813
7082
8920
4320
5365
2639
1859
3852
6946
5499
2464
5094
3925
6849
4242
7153
7540
3949
2088
6800
1809
4901
9743
3181
5025
8047
7575
3435
5291
563
4547
474
4223
962
6069
8859
2618
6231
1577
9750
2199
3228
1856
56
375
3377
6560
6336
4981
7049
1482
6412
5651
6693
8189
3536
1145
3221
8953
8407
7200
5500
678
476
4585
1315
1813
5083
9635
2241
1048
7060
4589
4345
7310
928
5112
3156
8177
4919
2337
978
1124
6001
6782
7739
5511
1179
871
8394
8957
2077
6967
988
0
377
5314
1622
1763
9895
2201
2133
8535
4719
5500
3961
1682
6262
672
7845
7854
348
1617
2368
2078
6725
1609
9775
6390
5800
3330
1607
7819
3636
297
8110
1305
5833
5315
6129
5204
7014
1812
6219
2368
5935
1805
4117
2581
2497
8694
6873
4413
1577
1389
4779
160
3169
1181
618
2803
8589
8675
6131
2220
1238
301
2951
6216
4628
4516
4942
6177
817
1835
9820
6474
4347
4168
8243
1293
5659
994
8522
6744
4596
5708
3164
4866
3965
8418
4163
7860
6707
2545
3862
822
9849
4732
7681
6423
7121
3868
3397
7938
5264
7511
4335
7613
3405
1508
7773
1092
2426
4030
8847
2101
8598
2423
7706
4909
1169
3647
6546
1971
8818
2677
4697
8739
9558
8749
7779
1982
4106
5347
989
4655
2203
7023
4477
2609
9755
9306
9995
8928
1831
4431
7216
3342
8742
7637
7213
983
6421
141
2752
3910
2321
6759
7155
297
5573
2153
3734
3011
3413
7490
4142
5248
8601
7660
9965
3886
1550
5761
7427
971
2489
5168
6309
7849
7230
4015
5726
7465
6480
275
8308
2519
8890
1806
6684
6274
8221
2152
7648
2463
8843
8785
3440
7854
1011
2422
2135
2237
5678
5634
6751
907
3674
4919
6583
4144
4996
9709
8676
716
5996
1065
4822
6701
3395
4786
3965
2196
184
3361
6635
8890
2932
7047
4700
1519
6642
7876
99
2980
3299
4708
1575
7802
2544
1468
110
810
8945
3894
1192
3542
1967
9705
8911
9263
4981
7533
8301
1737
7564
2269
6655
3676
2487
1117
5129
5581
5052
3534
746
5340
8772
9792
5201
8239
7540
2776
8432
4799
7485
2306
2560
7969
3746
8025
3270
7543
1528
4596
1460
3320
514
3
5907
1038
4749
5323
8863
7518
921
9085
2579
302
730
414
2327
2482
8830
1442
4711
7591
528
6171
7302
2467
1340
2497
3907
7244
6884
8786
9371
7353
7074
3404
6975
790
9535
7783
9735
4028
1283
553
9110
9984
3774
965
2880
11
5094
1940
2650
9034
1186
7734
8561
262
7111
9770
7374
1366
9168
2236
7657
2388
404
5647
4683
5582
7091
412
5736
9326
3824
4137
9932
9340
9542
8557
5413
2289
3972
4451
6498
7344
5146
270
1946
2721
233
5596
768
1277
5238
2573
6102
7265
4319
85
2704
5356
9169
608
4554
5771
282
6214
2412
6152
7338
8560
3709
4463
7151
8266
3814
2497
2993
6376
1688
1499
8843
8670
32
3945
684
8443
4186
1736
6685
1942
9717
1194
9027
9564
805
7709
1351
2264
2766
8270
6276
5668
5712
3658
6976
4542
9934
1141
2351
5839
2787
6398
5125
9560
3351
6403
2603
9518
8318
2001
8788
9385
3250
7007
5887
2263
8802
1467
9007
5174
9451
9141
4202
7297
758
3451
8143
154
1810
4452
5116
7769
8868
9201
9151
3476
7756
5745
4059
9264
1833
1780
1501
6918
4143
6770
3247
6410
1480
4285
8652
776
5306
580
2165
4656
6184
6634
468
1076
5867
6438
848
2302
482
3676
6112
5800
3591
7436
9619
9398
2228
5705
815
7526
5477
7293
3337
1804
9776
923
5269
8471
5411
8933
5485
5512
5181
2447
8887
692
5680
2244
1682
7832
5109
39
3554
3788
8976
9772
8125
2667
9461
7625
7844
7761
4715
3751
7126
966
3249
7053
1729
3371
3695
1679
986
354
8941
4883
687
2563
1529
4308
7420
3772
2693
2186
9675
4873
5344
3882
8847
5604
7654
602
4354
7119
1562
1384
1549
7439
3923
331
3257
5227
1860
6362
4228
3462
49
6076
1046
6585
847
7904
7668
564
7339
8765
9492
1126
7438
6492
8098
236
7855
9685
6163
9734
7337
5496
584
1328
750
7630
5733
8432
4925
590
3970
2907
5248
5683
258
8365
537
6670
5235
5208
7310
4873
5909
3724
3314
1628
926
5145
806
3603
2509
4385
2832
2527
4173
8225
1307
2268
9085
9249
1215
3107
8782
2250
3746
7041
972
5384
6351
1544
7200
7424
566
2052
2485
2323
1573
1681
1115
4403
1413
3067
2216
7254
5991
8981
997
7513
6705
4014
6664
4119
9604
9953
7662
1610
1680
5469
8188
2529
4586
4596
6613
723
4764
3831
6830
146
8590
1874
8416
1411
4276
2468
1998
1934
4231
1426
8472
9601
8377
4621
4175
6889
2275
2768
6651
9364
2113
9966
4793
6561
7617
2428
8024
9641
1719
7419
9974
6130
2357
265
6854
9521
8153
952
8150
1120
6583
2031
5518
3152
5753
7823
9675
6049
4724
8793
7756
2143
9501
1518
1564
1647
60
2775
4722
2507
2944
2006
9766
8314
8642
7741
1957
1412
1502
1342
391
3220
7088
1330
5326
623
2427
5501
9106
1956
224
2562
1723
5908
3533
324
1630
4900
916
3437
1499
3137
1341
8770
7478
4915
990
790
2453
789
6938
5677
5258
5748
5864
4388
1522
2725
6150
4288
764
7916
3662
9748
3566
6571
8056
264
4933
9768
1423
2278
1883
4674
2280
7029
3966
8789
1792
8732
1342
1307
2310
5215
9943
3621
3577
174
7536
3963
9907
2799
835
9105
9398
552
4270
6603
1078
9969
7609
9874
1672
1066
5370
215
8056
857
5205
7431
1217
951
360
4255
1321
427
8454
9170
6971
9414
4465
9865
2537
561
5085
2570
3409
9076
3555
2269
5839
1753
5380
3482
2292
561
5727
2183
7894
9077
9525
5745
5512
5199
9978
8105
2907
8233
5454
9361
7796
3974
3213
4214
8112
1856
9940
1072
9446
3954
2645
8088
1436
7143
9084
9034
1693
5427
8227
1259
5177
3121
5908
3276
1469
9292
2173
656
2932
4769
728
5802
6654
8548
3419
1819
7633
1875
8638
3707
4573
2185
4267
6837
2196
6884
4683
6840
4362
3160
4110
6378
2985
244
5691
9744
888
3878
7657
5196
8653
8155
6412
7510
4689
7898
7925
1279
6259
562
611
5281
1935
3600
9887
2315
9376
934
487
1852
867
1320
584
3037
4095
3080
9793
3972
2722
7973
8646
8806
7021
7424
2530
3677
819
5151
3841
2219
8846
9845
6573
4173
9683
8097
4167
7651
8391
5702
9929
6431
4017
7531
4665
4988
2673
9012
9792
4961
5394
657
555
6822
7453
6358
5922
9830
46
731
7016
2518
4410
7028
3427
7237
2049
3939
1580
5924
1585
6812
7096
3112
8235
3322
6568
4238
5354
1872
2382
6350
3409
1075
5842
1139
755
7958
6852
7210
3449
6198
7570
8313
1664
9703
4892
434
3810
9454
2566
6775
998
1872
2894
3536
5722
4747
2479
6588
159
1940
3844
9188
7349
6737
2929
1910
7433
6136
5167
6160
7117
7640
6055
5067
3479
1910
5345
4363
5820
5802
765
868
5599
2171
8881
2287
1988
3464
8388
8861
346
7017
8346
1931
2808
7989
4513
4774
2151
9557
8604
7201
449
2281
62
965
5192
8601
8746
9801
9482
2511
2392
9890
1283
8211
3434
284
3091
9495
720
8906
7794
277
5176
2138
4226
5237
3722
4700
9268
3331
19
2725
8925
4641
3153
751
6298
2248
4175
2163
3969
6405
8560
3786
874
9714
1121
6928
8398
4626
170
5594
9615
5185
8742
7545
1049
27
3492
2144
72
4556
9084
5299
8569
376
390
192
3221
1772
1367
1506
7307
2676
2957
6291
1357
2846
558
5186
590
79
6172
3286
1546
3350
3035
6066
4343
8430
9958
8585
2779
1239
1663
9363
3182
9670
8342
545
9313
7003
9643
5293
2527
6580
2471
9398
9411
1297
3784
3739
2890
3304
6892
8437
7322
3898
5473
7482
179
2117
761
2064
5301
8907
435
2302
8179
1075
9544
6857
4855
8063
3444
5630
1509
6206
5494
6122
4180
1362
6889
370
1834
1188
4771
7456
3767
6870
286
3452
7942
1130
2278
3340
9711
1234
5970
5068
3985
8743
5270
5201
9822
5982
9560
2026
6678
776
6385
6040
665
2393
2151
3040
4503
2379
5449
3311
1242
7059
9595
8574
327
5572
5154
9733
2241
2179
1186
9860
1566
1355
1062
8208
8350
1010
5439
8635
1001
1275
6546
4216
4632
4653
8667
1581
1288
6661
8838
9993
426
2936
639
9320
3342
5611
3240
9589
4353
1078
6892
2447
740
4261
1201
8463
4272
2609
883
4249
7990
9824
7807
6737
4940
7624
3421
8768
5893
1114
818
9751
2767
2188
3012
9571
3540
2551
7423
9506
8905
323
6247
8773
9099
4575
8703
5110
5578
9461
5274
7835
7238
8605
9041
716
8442
2769
8516
6482
2566
8418
8772
8624
1106
4489
6960
7847
8015
2224
9022
9876
8448
4914
4765
4957
7545
7775
2552
3852
2727
6693
1422
3002
8880
8172
7856
9824
3388
2464
8410
4010
6100
9621
1589
909
7978
3190
9548
75
9945
1598
3630
6580
6927
139
1380
3455
296
4943
8772
345
4796
8649
1717
5229
3596
9139
7827
454
7721
9373
5445
8049
134
299
6893
1926
4543
6395
5728
2359
3050
7705
1111
2058
6284
7734
9077
5204
9343
4454
3818
9575
8867
1657
903
173
915
2188
4035
2789
6314
1537
1550
2702
549
4396
1044
3554
2730
352
8340
4373
1593
409
7297
7005
7090
3115
1496
4708
5527
3051
6723
2011
7875
5724
1614
5362
9836
3598
5833
806
965
1746
9309
1178
4839
1456
6370
393
321
1596
9807
1498
382
2407
1220
5910
6838
6450
7397
9414
7463
312
1416
1920
2757
76
4369
1267
6511
785
3003
6736
404
4777
890
2397
8278
1088
5006
3604
335
4810
443
6529
5841
4761
1719
1516
8258
8819
7892
1411
4311
5876
4398
7356
3072
5921
9271
233
6565
2925
2370
3836
287
9086
6348
4382
9450
8498
9521
2603
7177
2191
5678
1360
6635
5832
3603
7592
2701
3287
6444
194
4080
7751
2608
1863
844
5377
1545
6475
7237
7562
6725
9154
428
9578
860
2565
4714
6192
3987
7829
4953
6852
3297
831
7507
2349
416
8929
1215
7668
9942
7132
9784
6777
7253
2778
5025
853
4303
7154
775
608
3134
7993
8645
5907
4722
9787
9278
576
6748
3515
1926
6657
6204
6119
6513
1103
4438
1344
4545
7924
9322
3768
522
1090
8276
5693
5960
133
3009
8533
5507
9735
1859
3914
5842
1411
5046
3528
6126
2588
2116
2148
1592
382
2422
1344
9486
1717
2221
4444
362
4765
8944
3519
8699
9962
7126
2759
6456
5753
5478
2589
3074
9287
205
7036
921
8640
5136
5907
1554
1530
371
9
6072
1556
5097
801
8337
2185
3516
3326
7730
2585
2752
9977
4501
9961
1219
8849
6249
2234
184
4865
5659
8136
5908
2968
4180
9364
7880
6453
7939
9540
1600
6098
7181
153
2491
2355
5522
7794
2349
6878
946
3295
7041
1373
4191
6024
9475
8162
2004
7774
7949
6618
5990
754
6512
6646
5611
4566
5749
2102
2665
8817
6324
1510
6431
8135
7989
2349
9578
2199
1478
7779
5697
4182
1532
7812
4577
3149
2317
387
7312
9791
9182
976
108
4446
2760
2956
9364
1678
4640
4429
9194
7161
9335
61
2263
5604
4559
3464
4047
9122
2400
6966
135
2824
5529
2341
5780
4705
3371
9003
2693
2147
7714
5706
4596
4882
4133
8885
2057
115
33
9650
1536
5204
1393
2129
1740
2954
8593
1324
1324
7882
8114
862
1036
476
688
9881
5695
8589
8835
8515
2828
692
1427
8753
4887
2263
4383
1367
1697
2975
5296
1390
2546
1946
7529
6343
5462
1487
3298
3424
1574
631
358
756
409
2074
6553
7223
3834
3831
9806
8915
4860
489
7159
2700
1419
694
5998
3899
5989
5337
3381
681
7321
3683
1513
9594
4350
4493
9772
1900
8279
2353
9602
2352
7189
74
5020
6872
1950
2297
4420
9522
2861
281
264
2004
714
8806
202
3768
2332
5961
5127
426
9803
9543
311
5328
7323
1707
4229
1833
998
864
7823
3449
1705
612
5872
436
7874
3146
2316
2376
2296
798
5052
1296
9835
3598
4187
3751
2286
1127
9263
3706
4483
9790
3468
2481
7461
2081
8006
4639
4299
2348
2965
103
3980
6272
4014
6930
2750
6673
9104
8846
1092
1983
9884
9849
3623
2136
2184
3183
4339
5259
4101
5472
3622
6448
8192
6550
4773
3783
4790
4677
1599
7518
12
9395
6502
1622
1166
10
8267
472
1894
3020
1337
4692
3775
1575
1301
9851
4394
4121
6676
7534
3073
8085
1102
8213
5963
8518
6193
4197
6159
948
1321
8220
4380
6661
383
447
5240
3510
2192
502
6535
8314
7583
69
863
561
1565
2239
6985
7949
1640
6342
267
4081
5810
5542
9764
5931
2820
4387
3271
7091
6274
6367
8524
1028
9200
209
963
363
7301
5555
7611
862
5775
170
2098
2768
1960
4859
3165
1538
1271
988
3818
5099
7178
25
5780
9050
979
169
7943
4155
5968
6704
869
2649
3456
7589
953
6452
5218
1719
3977
595
1552
9035
7393
1563
573
1641
2110
5552
4538
8297
5288
5723
6255
6088
3
238
8392
1039
4343
7828
4301
2341
1343
2700
583
4020
7408
2295
5344
8986
7691
3999
4715
1617
5172
4955
8804
2112
1731
1680
4568
8771
8587
6875
3560
2681
1625
1804
9706
8477
8991
8437
177
3688
5842
7844
2174
4612
5953
7516
390
9108
2311
283
7526
386
51
8359
5829
5864
8677
9866
4185
2132
2748
7952
3997
5430
5806
2623
9265
7643
6295
3718
8578
6751
7302
4073
2284
927
9028
4684
9149
4973
8438
2446
3643
1495
8997
1832
2441
2554
3869
3845
5910
7314
9154
1925
7479
4486
7514
2589
5574
5682
5782
1585
5034
3140
9090
2868
6361
6507
9728
1007
5420
2301
4336
7280
1954
3081
8564
2837
1671
7436
6960
5610
3654
6935
7079
4703
7229
8368
2148
2622
6832
8952
6566
6283
8385
4526
4384
2269
2318
4114
735
1100
1851
6876
8077
9835
9970
6958
3190
6247
2632
6903
809
945
3793
1130
8145
9609
9783
126
9381
1899
935
263
5645
7775
8013
8181
6790
267
2226
187
2615
1452
1634
83
933
3413
7667
4159
7972
8806
4978
9107
5311
6657
4096
946
6329
1833
2221
2247
389
6156
4404
4405
676
5123
6616
4208
4189
6951
5085
382
8289
5958
5738
8904
8447
646
9181
469
2053
1897
7215
569
9097
5042
7562
9417
9031
1207
7704
675
9548
1080
8990
7084
594
335
201
5545
3196
7896
6823
7874
8565
3155
1210
388
2132
4119
8344
2583
8003
2617
2855
6175
4000
7725
8583
6022
7699
509
4400
3562
8273
7224
605
8755
3297
1756
2553
7959
1933
2471
5833
1217
9371
4522
8410
7184
5004
8511
3149
9180
5204
4397
8720
5343
1660
9050
8480
9457
7205
8848
2091
820
1182
7859
4858
6321
727
674
3534
5586
7254
8299
1899
6482
3450
7876
5475
2002
8815
8455
1284
5390
6466
8078
7716
5855
6917
2688
8267
4866
2004
1050
2803
729
7161
4514
8748
5904
5485
248
9091
9859
1984
4029
1731
3421
9740
3976
9388
3156
6821
679
131
8324
1411
4675
7755
1097
6114
2264
5890
2145
8905
8275
175
1633
3835
8044
1739
71
2523
9350
4637
7808
3219
2101
1739
3771
1223
5456
2141
4557
1013
1862
5700
8774
320
7077
5595
1748
1565
3497
3453
4870
8141
7395
87
7476
7564
4794
223
3374
9145
7654
2742
2066
6791
442
5258
2946
1540
2353
1807
181
2120
781
1998
9516
3056
5580
1310
4087
9852
364
5523
3066
9525
4384
36
7803
675
2132
4753
6813
6078
541
8213
2561
36
6309
5320
1115
2218
2117
7001
9603
2374
6163
8890
9774
7373
5119
7211
5532
9064
9561
828
8739
2460
5397
8061
9452
5306
1217
2808
604
8100
8038
1938
358
721
2445
6350
2126
8835
4068
2419
5233
9975
6065
4239
756
8909
807
9995
2490
7721
9879
2256
3114
2537
5688
4442
7632
4023
8698
7101
8643
641
4807
2582
9351
1959
7083
2467
6276
3157
7701
533
2310
163
4031
7301
4582
7353
2395
8597
809
6918
2830
5160
1096
6627
3458
6612
384
3667
550
3431
9578
1486
2920
424
7966
1759
3318
255
1379
1002
7153
4360
8906
8609
7396
4260
3660
1353
5972
801
2561
5417
6487
1819
9571
563
1546
1474
5810
7046
8238
1134
5737
6307
6322
5216
5761
5166
1431
2155
6165
4376
1200
8531
8693
5259
4520
997
5774
837
8873
4935
2026
9016
4410
5905
4645
1457
7433
7548
3152
1240
1481
9866
4201
359
1901
1095
5130
5967
1030
8606
5808
9335
8793
9919
5407
4327
4789
7551
6229
6388
4771
9872
9708
9484
9486
3555
1636
2613
3238
1131
6177
9296
6560
52
5728
9556
5648
9972
1295
9449
2746
1440
3006
2593
5220
8706
3921
462
5840
3658
4007
9248
4745
7795
16
93
4556
7832
6778
4150
1258
6294
9788
5768
8010
6275
7527
2160
3732
8767
2314
4099
9931
9418
1365
5981
1483
3927
865
8119
9108
5983
78
1935
7284
1433
7420
8387
4556
8728
1054
1309
2892
8725
3419
6710
4161
1743
1559
6020
6960
6017
1842
8214
8035
3763
3711
914
3219
2387
6776
9420
4278
8117
1856
3162
5516
9592
9225
9573
4373
396
7431
9987
2485
9121
7637
1379
8826
7665
694
9640
781
801
8063
7754
2455
9859
4851
9465
7943
1440
9486
6291
7601
7812
5975
3992
9976
8858
1104
8669
8223
6682
9791
2894
6253
4257
3074
6071
9615
9408
2558
6644
818
2743
5833
8487
690
7251
6041
3290
7804
4517
2428
6630
8043
5285
5513
2307
5841
9127
3255
9425
8579
8365
3997
6166
587
1453
8730
281
7928
3732
1222
3007
1800
9243
7304
2148
185
5178
4985
1933
669
2826
1864
7067
1132
4911
2768
2177
2926
6373
9784
1562
8937
5914
2361
2757
8215
1341
5365
3315
652
2630
9973
9827
8631
9318
1924
6442
7719
9808
1371
57
7968
3656
6892
8506
6189
762
9251
7260
1224
4350
9321
3535
1048
1195
1947
3505
347
5098
411
2139
1236
9485
5781
550
3622
4223
5813
6114
8322
7005
8567
7447
4077
4838
4975
2285
2486
5535
8458
794
2598
122
6100
842
3225
5767
5195
4372
7292
4443
8596
7994
8616
7377
365
6513
3726
9599
6851
1874
5282
6794
7461
704
781
4748
8104
9546
1390
2693
2029
9444
9089
4063
2720
2177
9267
887
369
3668
1237
9945
7480
6392
5519
9082
9125
1403
534
7788
1286
402
5681
8894
4317
2617
1736
610
9409
7403
9758
1556
4659
6689
1841
7095
9076
4974
3999
4737
8342
362
2844
4410
7456
6044
8465
8769
2213
9566
279
8288
967
5420
7620
4418
8455
2797
5237
1889
2081
8934
8237
6676
3654
9435
4941
3449
666
3703
1573
9663
7504
237
3577
5032
7282
7168
6695
301
7925
2160
6600
2835
2268
3846
230
6940
1804
1507
2525
9665
2144
1492
2964
1230
9374
1400
4350
7902
1353
3268
6092
7705
2696
2503
3381
1243
3015
4250
1545
7
2077
8235
3314
9244
8238
6874
892
9734
2114
5826
3943
7256
1222
8396
6635
6393
321
6961
3435
1309
9529
8383
8220
2294
5207
7646
1304
8553
9080
4979
4302
70
9701
1957
6109
5875
6454
4430
3553
4696
6979
3491
7244
2368
6539
8
201
9198
4216
78
205
2302
1954
4190
6879
4862
8307
7883
6569
3020
9963
1315
5583
674
3974
2614
5312
4400
7322
2411
4875
1720
9813
7358
356
2176
9847
7118
1174
9139
6299
9831
2843
57
8220
107
7546
5465
8950
3942
7505
4012
5754
8418
1491
6163
5590
4616
8659
9803
6852
3752
8082
3792
9410
2635
3078
8241
4034
4791
4251
8178
9954
3187
8638
8135
751
1516
1192
3856
8838
5511
2615
6975
6604
1255
9155
2274
1694
1953
8528
7613
9419
1823
7423
7432
2080
6882
9850
4361
7588
9595
1760
4131
550
2236
7821
4031
339
3610
2574
9481
3357
6325
580
2367
3800
7996
2263
2742
8647
9275
236
6670
3926
7030
5402
2246
5049
8314
5289
418
757
4066
5980
2812
5437
1416
9729
5162
2305
6476
1943
415
7105
778
1951
6724
392
2775
2758
4391
6487
3580
2674
6356
415
5750
1082
5844
292
1965
5883
9604
3230
2243
2984
8663
2881
288
3874
5646
335
2780
8873
2727
3900
2844
9153
7124
6099
2305
8072
4814
7240
6989
3208
6601
3453
5863
3480
4457
3464
9057
8295
5653
3685
6904
2636
1356
8664
763
4407
3989
3718
8384
5660
6651
4005
7156
7554
6729
2401
5426
2199
226
4912
6741
5542
6180
4280
3985
3707
6782
2207
2095
1062
5616
1939
9559
7519
9185
6716
2643
5657
6471
1807
7889
3929
1042
9668
7930
1625
3706
1914
9089
2920
2075
4425
5198
6325
1646
3128
5467
1132
5674
608
9774
2895
7082
641
5993
2313
5680
1252
846
1055
7146
6784
7399
792
5525
9585
7269
1551
7840
4550
2375
742
4898
5450
4302
1309
94
4133
9935
611
6453
1971
7608
1611
3724
2502
7958
7187
5761
4631
2646
1442
6152
6435
7290
4384
8347
1668
2399
3851
3921
1357
9709
9959
6766
4106
9422
9189
1932
1495
211
3559
3063
8816
1763
738
4223
8601
8709
565
4042
1199
3201
601
9705
1375
1138
3866
4684
277
2894
5222
56
679
5945
1427
4375
195
2742
533
880
9478
6160
9648
1913
7343
5224
139
6107
7316
4704
4662
2069
7283
7256
8653
1795
7819
1254
2189
2176
8988
683
6999
426
3692
4676
1491
8581
1036
4334
3319
6739
715
8078
2343
1874
8505
1631
2623
7446
8158
4973
2719
8313
2891
210
5894
4192
2049
6991
562
7088
593
1118
695
4225
2709
6533
7519
5473
4861
9389
7392
1548
7900
532
596
4907
9700
2512
2869
6858
7934
3445
1767
943
7247
4281
27
279
3176
3669
3985
3683
7101
6367
4157
9492
1800
2582
7902
5298
1886
989
5547
1731
2098
5132
9918
3738
4777
6211
2966
6270
9054
6624
1559
6749
1559
7875
629
1217
5912
2576
177
7618
6966
3717
946
4811
1710
3693
4824
9697
8775
6260
2446
417
8902
8380
6846
2489
9569
8959
2409
923
6757
4214
1175
3294
7947
3449
219
8709
569
9272
1722
8707
629
8345
9262
9311
4944
3939
8727
8309
1408
1291
7393
653
7806
9357
635
2208
3586
4877
2567
3832
1883
1886
7950
1223
8820
1347
422
7771
4755
8052
8390
2000
2211
547
6408
2663
2372
6128
3840
6630
7650
3450
9869
4959
5604
343
5406
870
8325
4901
2215
6861
2568
5121
4708
1954
1960
9801
269
6731
4446
1949
9274
8401
5046
203
2633
6155
468
7340
9886
5388
9043
6296
1226
1936
1918
5121
2463
3378
1731
6159
306
6882
852
2600
6370
2758
2672
9394
6201
4462
8450
5499
1729
9580
4456
7849
56
548
5767
622
3143
2240
3580
207
7455
3495
1974
6213
9669
9871
963
7059
4896
9616
536
1736
7808
603
9941
3064
9297
5915
8407
1974
4129
3067
2208
6373
8206
5449
404
3295
8147
6233
6774
677
261
2092
6595
7641
8681
3570
5164
2200
6984
8558
9322
1452
3221
7690
4733
1633
814
1051
8789
614
5874
1621
6517
1014
4019
1010
9349
3112
459
6111
5047
1091
2147
3496
3900
9398
9410
5701
7160
5767
9443
517
9443
9403
9530
2074
4465
1046
1112
1444
9669
7699
7389
6627
7585
4901
9070
6231
7633
399
6663
3083
4041
2721
6866
4018
379
5748
24
8880
8990
7064
9784
5611
1500
7516
2982
7043
5770
2366
726
912
8413
2708
121
4700
2059
6282
9575
9585
8656
3148
4366
9748
1378
887
4505
6050
5351
9691
5253
8185
9142
7747
2928
7274
8923
3688
5314
7278
1727
3475
4833
2119
3527
9394
3776
9384
3035
2989
9159
1159
5882
6393
4969
2866
5596
7100
2561
9760
968
194
5311
2858
856
128
3970
3946
745
1783
2054
2690
4631
5675
6016
5503
3577
7477
7383
2848
8361
3510
8854
1586
1143
3900
5359
7198
5518
6922
5938
5861
9446
7731
6974
6298
3820
3335
7111
5681
3295
2705
4217
1815
8764
5392
1500
354
9965
8181
9928
2490
6797
1452
8795
2041
799
5407
6217
6127
8112
2103
6947
6680
1369
7044
2507
4370
8634
9919
3959
313
1268
3326
2148
2886
9317
8632
3148
3736
9689
4233
9723
2641
1855
4472
4831
7012
5114
4920
2014
2733
2329
8444
9773
6786
2922
8846
5198
7096
6186
2017
9065
3450
4959
9253
1678
3829
9002
6524
3001
3255
9815
4331
568
9018
727
1954
4681
1531
1648
5183
9943
4256
6339
2400
6007
6826
4815
9817
7662
4198
5508
1349
3317
5082
9194
4831
2432
9503
4211
8083
2203
9833
3006
8673
53
2575
2589
1794
7938
6711
8026
2142
9292
401
7525
5549
7418
760
6129
908
2468
9556
384
8595
7781
1907
9932
1444
9521
8921
7784
4679
7609
7701
7526
8964
6797
2887
298
5312
4370
8671
5774
4316
2068
5031
6951
9049
4877
5860
4312
1809
1511
3977
8279
5714
926
7772
5965
908
4618
797
1777
2798
2412
4404
8935
108
7670
4762
1460
6179
8384
5147
949
5120
1304
1707
433
4718
9433
4407
1341
6478
9408
733
1407
2556
3099
5998
6149
2079
7650
770
2998
6817
9979
8029
1161
9584
3337
1633
7364
5957
4564
8884
5208
547
6591
5380
7468
3954
9542
7528
4790
6540
102
4488
8433
2391
7586
1520
4940
7013
2338
8640
1935
7928
1087
9976
3732
7002
8253
4931
1283
8556
3831
5937
5805
9789
3010
3466
9534
8813
2763
6895
3373
6195
3026
9603
8934
7004
4011
7050
9626
2037
658
6672
2756
747
8383
9421
3472
7312
6826
1944
167
7473
5585
8442
62
8006
9432
309
1792
8169
9600
7493
329
2842
1403
7365
4
9907
7711
5844
3095
2216
8377
1289
4382
2241
1924
1621
2805
8667
8330
7961
2954
9627
2793
6312
3666
165
5754
7182
4154
1548
2431
4849
4497
2619
9482
3222
5189
5891
358
7239
5531
1350
3984
5844
2179
8964
4709
7911
9755
5187
1987
4125
7795
1524
1368
5538
2368
4435
128
6748
7445
3600
3805
5035
319
5932
6999
7855
4480
3174
9335
1114
1022
4743
8062
615
3501
5354
3307
1868
2410
5264
3581
6812
9289
4786
4630
7120
1986
7721
4497
9671
7
1323
8149
203
5066
9158
3017
566
4316
2322
1130
7893
2649
3666
3916
5580
9378
3740
7230
8683
4459
1561
9921
9327
8486
8926
5002
3675
9471
8428
1829
2472
1098
4070
7292
3050
8842
177
2089
3126
8659
3488
9641
4081
2930
3665
1409
4875
60
8801
3397
1324
5188
4407
6071
6365
1185
272
7852
5594
9071
6471
3349
9670
9189
9080
7709
9583
1815
2837
9790
1460
6844
248
3402
6725
6147
6250
8662
2330
5009
4803
3369
6071
3950
3939
8118
7854
4098
1344
421
3813
634
497
1305
1641
4735
8715
3278
819
5289
8026
2721
1194
8495
226
1125
649
4946
4438
4819
5939
2907
2200
577
6981
2930
6259
5942
2346
8689
1478
7357
2580
9608
5121
4504
6762
7410
7685
5287
2157
7864
9831
4042
2111
1380
5
6163
2294
2041
9981
7279
3389
1649
2730
5862
9725
9911
6207
449
3626
102
5129
7947
9456
1505
9232
7243
4800
565
8591
6898
1237
3740
3845
2400
3692
3555
7451
6507
7571
8510
8902
3
2065
2811
4319
3007
2215
5508
129
5260
6869
5465
1874
8888
2544
4669
454
4842
9683
6768
6385
8676
1779
9949
7164
4699
2344
1220
1082
2022
9544
5499
7659
2438
7974
9953
4480
2133
1211
5939
5871
8866
9716
8354
1946
1515
6029
3044
5147
3644
571
570
1139
1368
816
6355
5620
4404
8635
2559
1771
8284
7982
9751
2514
593
2356
8618
308
6304
4018
4715
7250
9705
8429
1561
6854
4573
1869
8943
8407
3785
8017
205
5276
7587
5923
8422
1012
6003
5597
4973
1046
7204
9804
8073
164
8731
3380
2496
5093
455
5716
3715
6818
9
4507
7095
9841
1446
5338
6436
6833
6426
2268
8657
9110
1824
5221
1679
9414
9471
423
2308
7250
871
1402
107
4345
9373
604
8331
8937
6931
2999
421
1399
3035
6371
3410
2658
5693
5020
732
8531
8215
501
2588
839
7045
2908
20
8400
1345
7232
397
9384
1548
8017
9396
4760
6062
6054
5473
7065
2715
4805
6840
6553
5831
3839
8179
3248
7211
41
2640
4803
2359
1283
7879
2712
7018
3730
7407
5979
6417
7072
1521
6033
7836
5431
5708
2619
1671
5914
3563
9821
2200
6149
1652
3807
3700
9190
8291
1908
1607
75
262
3994
3091
3950
9626
3169
1224
2975
630
2735
502
688
4406
3667
1279
2743
8251
7864
9024
6063
5921
5437
7185
8128
2529
6195
2971
8864
7080
8518
3593
6410
7304
415
130
926
9373
233
6551
9241
2083
6916
440
215
6998
3879
8060
2358
761
9176
7504
6541
5083
1728
1343
9612
1048
8251
995
8998
7100
846
827
9804
301
7116
6989
7100
7881
1514
6222
1674
4221
3809
4096
3021
1991
3380
9003
4462
2575
6739
288
7084
34
7168
8521
19
8847
3248
8917
9887
2886
1779
67
2635
6924
1415
972
7055
660
810
6406
8265
7867
7439
358
635
7459
1236
2341
5318
5859
9473
503
1589
1740
9811
4440
7613
7631
5961
600
1523
5421
2095
8249
2287
3839
1065
7638
2303
8600
8738
678
9247
1143
7798
1905
5976
4529
8861
3714
8966
8382
2266
8910
9183
7619
2834
4996
2897
240
4368
9237
8058
9371
2152
4182
4990
4381
6394
3572
5749
5643
1034
1719
3699
6072
6382
6906
9964
2473
8328
7865
8295
745
9813
684
4850
1533
68
7956
759
6811
715
9044
8877
1383
4663
9618
4754
6414
5394
9149
2760
1111
1322
5152
4013
3670
8959
7320
9375
2547
4061
2483
3968
842
7243
330
8807
2100
2163
8497
8327
310
1523
6956
9219
89
5763
2644
8898
6170
3097
7465
8400
1842
41
8474
358
1625
4497
6132
3450
7990
5604
9896
9961
475
1188
3376
5429
8847
4885
1970
1578
4843
3744
9237
6789
7801
1174
7060
8055
2713
3270
946
3590
1126
6593
3821
3444
9385
6235
7349
3892
188
4852
4303
8027
8738
2552
6373
6020
3285
7428
64
1495
6272
1370
409
1754
8815
8967
5772
3399
7939
8418
3038
16
8698
1656
6272
2833
302
3382
6004
1030
813
8822
2848
1533
7561
2671
1361
8812
8912
5798
178
5142
4367
4361
6013
138
8339
5101
1857
2189
6576
7013
2677
761
742
6567
12
8629
7792
6650
5385
4887
2447
2419
1780
8855
4470
2688
9710
4502
135
1124
1585
8431
6191
1412
9852
8733
1869
657
270
3918
6184
4567
2592
294
8194
5013
6632
8711
2567
5487
5339
5183
2427
129
7523
1682
9827
9716
5505
2409
3346
2421
5429
6747
4407
2724
9516
7420
3045
1835
3369
2468
9924
9792
3767
1089
2902
8572
5133
4271
9244
845
1203
5798
6233
9864
1140
5013
9591
9603
2165
4318
6921
1059
8565
4322
4513
2769
853
1310
7491
7186
922
6726
1018
5671
3745
7009
4234
1170
1922
2581
6965
5179
9336
309
6865
3586
5568
4392
7018
4165
5824
8940
2916
3524
6954
1466
7604
6451
9040
5212
2816
384
106
1660
3827
1158
8326
6079
2470
4625
2512
1458
476
4146
2659
9219
3772
3909
9454
1443
3732
2258
6410
1915
2603
4193
1195
3501
4840
2946
9205
2556
306
219
9969
15
4472
9475
1568
1553
9874
7567
2591
2029
2887
7674
2347
7192
2848
5802
551
5567
6957
1473
412
5811
6471
4258
9297
1826
2981
2933
267
2008
467
604
4198
7846
2975
7047
4084
5314
5158
2052
790
430
4608
7195
5065
1357
1975
4889
8482
9475
1213
2604
7038
7357
4222
8335
2211
8386
1619
5829
7707
6392
3017
571
2194
7289
6658
4569
9213
1703
6250
9722
9309
1646
4413
7341
6805
7465
2711
842
1352
9192
6620
713
9287
5744
4777
623
4458
5667
3178
9786
2492
2690
6894
1504
6924
8257
8440
4243
9617
4762
295
103
3293
3972
1144
7015
6278
9268
8602
9525
8065
4053
1666
2369
3952
4325
737
444
6269
5008
5683
1692
9383
352
248
2674
4301
6741
4072
1467
680
7154
883
2309
2526
6248
3704
6626
1524
9143
9639
849
8772
1170
9367
107
3312
3378
6684
5004
9749
5518
9988
7171
1395
218
4913
2939
7644
6509
2140
8682
9883
4007
3592
8874
4200
5091
4900
9783
8841
9161
5029
8152
4426
6503
3876
7969
8976
2881
6419
1096
1642
4087
4246
6118
5337
8358
7472
4577
9378
7409
9595
1528
4658
146
444
6383
145
5963
2070
7131
7242
3858
3198
1584
7226
1021
9407
1497
2503
9738
191
6167
1635
9218
514
7167
3505
9470
5421
3917
4871
7066
685
9917
1764
1786
7145
4843
4068
2107
917
5289
610
6395
1785
7490
173
1771
5778
9436
7550
2243
7463
7251
2985
1655
5374
4916
290
713
3776
3479
1362
1951
2490
2497
7914
7607
9686
3848
5383
2840
4441
9608
2774
2395
2110
725
4746
6345
99
4802
493
1158
9682
9266
195
3759
6548
5470
7269
6176
1233
9830
732
777
3226
3883
4683
450
9434
876
7074
2492
6778
6943
1361
1642
7477
7875
1530
8416
620
4883
8731
4170
6442
9486
1338
2897
9050
3669
5345
4106
168
7428
7804
9407
5637
2964
3600
7313
2511
8528
607
7006
9360
119
553
3616
406
6802
8517
9431
8419
7399
8992
8664
390
301
1893
5285
730
1392
6447
2447
3245
1383
6507
7641
3603
132
5520
431
7020
6220
3779
4566
9219
1768
7254
7494
2633
6027
8338
4150
9106
7109
725
647
6782
9224
3053
9380
570
5417
758
6071
8504
3624
8176
2431
5532
6211
1252
6193
1977
9560
4568
7741
8988
2186
4930
1075
2342
1958
3802
646
2192
1975
4402
4127
3930
1654
2346
8020
2084
7862
9487
6779
1505
6735
1556
8506
3737
9065
6468
2385
8382
8203
5590
8570
1361
5941
5298
159
1397
5051
9588
301
4485
6995
7055
1736
8290
9809
1939
3520
9919
1280
4865
530
1488
2884
30
5601
5056
8061
6791
9254
6451
7999
6869
7942
4635
9104
1105
6403
1951
1954
5017
2278
1160
369
3970
5803
1070
2095
9713
2573
3251
9727
2917
8516
9678
2126
4391
5068
7467
5768
1638
3977
2848
6074
5836
55
2707
6484
6116
9462
1530
8898
2352
9046
1923
4571
8694
8351
7158
8201
9883
6885
5160
8762
7923
554
3745
6870
71
8804
3472
9027
4216
656
6221
8517
9027
6887
3999
1625
5126
7617
5184
4468
5730
9159
3149
808
1329
5565
658
4007
9610
1471
3254
9915
5186
6155
579
7412
7141
6480
6713
643
5990
325
8898
2696
5923
9262
841
9575
9485
1610
4407
7904
1158
1712
2974
3487
4700
3324
426
2209
5157
4660
3509
8984
1035
4527
746
6400
5850
1080
892
467
9447
944
5192
9402
644
242
87
1350
497
6347
7145
8030
4821
6346
7903
6825
958
1668
3463
6158
5733
2554
1965
506
2821
9039
2336
1602
8317
1669
2547
8778
868
7400
8629
1781
9181
4509
2499
2237
6027
6428
7788
1558
311
6011
38
1006
7743
333
1519
8792
2417
2876
5798
2217
8921
5522
4347
5906
6839
7854
3813
127
2021
1509
3650
5327
7703
1751
3364
3494
499
611
8250
4783
3091
4205
6012
2182
6489
5984
8332
933
930
5583
3945
1661
8734
8432
533
7319
2815
9787
9657
7803
1233
7551
2216
6193
7017
3270
6338
647
8288
122
5818
7426
8802
7736
9129
776
6881
9444
5780
8526
9936
9485
6476
9581
5453
7458
2789
6202
590
8165
7881
6598
5088
5663
2733
7347
2572
9844
2373
2425
3099
7576
835
6023
4955
9491
4454
3182
5170
4001
3265
9866
1666
1165
6296
8226
4990
3679
3299
803
3612
2531
1884
40
1195
3980
7291
2413
9991
6632
788
1827
6891
5286
6255
2230
6471
7366
8185
62
322
7104
6633
8371
6833
3287
9142
1349
5352
7871
5159
4490
1040
7437
2362
3161
5418
2030
2729
134
4003
1035
9273
591
2649
2491
8085
1127
8445
5337
3820
5281
633
3128
2646
2575
8020
9060
812
5899
7268
506
3449
7447
8371
747
8379
4192
2948
1805
6798
6072
2280
9299
4507
9187
1613
2591
3245
1842
5078
693
3221
2511
9888
3377
1119
3368
6916
2235
5476
5871
2489
6217
2465
6049
1276
1942
4599
5638
1698
3922
4772
9209
4365
8219
2611
2360
8814
6986
5103
1390
7978
1265
8318
3087
127
8851
4476
5060
3688
7108
133
1224
9328
3795
7415
3489
2836
7205
2982
4275
604
4229
2834
8114
7211
2360
1463
5286
3076
165
1779
4676
1696
8197
9406
8155
2717
1943
2661
6012
2073
9592
9078
3421
4352
7265
1027
8079
8002
4337
3857
7311
7929
2732
9152
9242
2409
7908
80
181
5944
1847
5074
8956
4352
409
4076
9289
7283
276
7601
5239
1519
7838
513
2663
2386
9274
9709
8787
9135
7216
382
6226
1889
3601
1110
4171
6192
6054
4774
765
1058
5913
6002
6606
2547
5670
5522
7874
6168
2867
6602
1343
577
3310
7165
5118
9277
4934
9085
1397
8771
9196
5782
4003
29
6235
9772
4059
4967
8534
226
1189
9241
8705
7564
5121
9217
9524
2535
5726
6581
1195
24
6346
7976
9088
7362
6762
202
9053
3996
2348
5781
8013
1650
2363
5381
8659
954
7956
7015
5933
1178
2646
6182
5193
3673
4351
242
825
6739
1701
2914
2596
6369
9089
4315
4957
5032
1235
7521
2296
1264
434
7517
9177
6872
6226
4768
1359
4152
2796
792
3842
7976
7832
288
5577
8527
2030
3372
1743
9822
622
1654
7942
6126
6300
371
7852
9703
1984
8457
8862
5858
6797
7668
5978
8706
3088
8807
6217
846
5099
9393
9469
1026
2643
992
1447
1704
8247
3770
2221
9072
3282
2009
1194
8999
7059
4327
9718
5431
5659
187
3271
267
3238
7330
552
7238
8109
833
3113
8965
9275
7786
2263
1874
1711
1518
6861
7530
8210
1234
1051
7377
281
9749
1543
1140
1101
704
274
7408
7642
9214
812
3426
1140
7774
2809
5390
721
743
7782
115
9314
8348
7751
3822
2243
3345
35
2319
2246
205
7570
7689
9883
8895
2341
686
2212
2501
856
3658
358
4763
5396
718
7009
2145
8743
8913
1859
9457
8424
6194
2634
6399
7541
6848
3577
4514
575
525
5805
8066
8889
1329
160
4497
3869
9451
366
6287
576
2269
9430
2617
3399
6745
5235
995
2121
3622
8428
8918
167
7240
3465
826
8250
2687
7623
5784
8859
9662
9453
1305
5433
4143
5152
5395
6102
1237
5124
4342
1859
6930
1988
9585
2589
8090
9795
2283
2792
9239
1604
2095
2300
5279
6696
1766
5341
1443
9494
4475
1119
2617
6111
1052
3704
3116
7634
3149
3176
6290
8397
3585
4904
4159
6662
731
5967
2249
5321
8609
1147
7243
8531
7443
9342
1549
6798
7387
2054
8820
8573
8933
6049
4262
6587
1376
752
8065
9119
1414
8924
4076
9987
41
5991
6078
821
4910
7925
4237
8797
4446
8122
250
5088
9979
4437
3740
3365
9872
4941
586
7446
5756
3739
1453
1273
992
6937
8868
2623
9334
1337
3274
2044
2677
4713
4869
5033
9235
9781
9984
9559
9978
7966
8172
1429
8510
425
8755
6643
2205
1099
8109
8503
2568
2276
7494
1216
4946
7625
1007
2666
4310
871
1779
7378
2334
1205
8318
2442
1841
2553
7401
2062
8956
1005
2057
6440
1797
9843
2713
3697
3083
6471
5589
1802
786
5605
2137
2586
6766
9802
2792
9736
7534
6607
1169
2843
27
6147
7039
6623
4657
1416
849
8652
845
5345
7481
2210
3463
9387
952
2247
3074
2010
58
4437
82
132
7118
5597
9085
8228
5369
3056
1221
5624
7771
1488
8645
6300
4482
9890
7866
6778
6670
4023
9748
9634
1157
7867
7085
2679
5255
9597
153
1978
8612
5008
1151
9195
7853
9426
1943
8205
5481
1659
1380
858
1593
5944
5716
6199
6926
1593
2677
2136
4889
7991
8874
8599
9859
1275
31
3041
3854
3706
4169
6721
2252
5317
5714
5826
4510
7297
19
1119
2704
9473
9506
3245
1859
8429
1711
3692
6251
4285
4089
4521
282
5494
4375
280
3196
3497
6228
720
9733
2120
682
4359
968
1434
9282
1680
938
321
8170
8897
3910
234
888
2346
9777
4581
8975
5475
9937
4790
2591
4054
8538
6587
9810
493
6377
8174
2324
2893
9556
269
8819
9091
1425
5401
5624
9181
2967
268
355
6780
2642
3646
9070
184
235
9625
