1
2
2
4
4
4
5
6
9
13
13
14
14
15
15
16
18
19
19
19
19
20
20
20
20
20
21
22
23
23
23
25
26
26
26
27
30
31
32
33
33
33
34
35
36
37
38
39
39
39
39
39
40
41
41
43
44
49
51
51
52
52
52
52
53
54
55
56
57
57
57
58
58
59
59
60
60
60
61
62
62
64
67
67
67
69
69
69
70
70
73
73
74
74
77
77
78
78
79
79
79
80
80
80
80
85
86
86
87
88
89
89
89
90
92
92
93
94
95
95
99
100
100
101
103
104
104
106
106
107
108
109
113
115
115
116
118
118
119
119
120
121
121
121
121
122
123
123
123
123
124
126
126
126
126
127
129
129
130
131
132
132
132
132
133
134
135
137
138
138
138
139
139
141
141
142
142
143
143
144
145
146
147
147
149
149
150
151
151
152
154
154
155
157
157
157
158
158
158
159
162
163
164
165
165
166
166
168
169
169
170
170
170
171
174
175
176
176
180
181
182
182
182
183
186
186
186
187
187
188
188
188
188
189
190
190
192
192
192
192
192
195
196
196
197
198
198
199
199
200
201
203
204
204
205
205
206
207
208
208
208
210
211
215
216
216
217
217
222
222
223
223
224
225
227
227
227
227
227
228
230
232
232
232
233
235
236
237
238
239
239
242
243
244
245
245
246
246
246
247
248
248
248
249
249
251
253
253
253
254
255
256
256
257
257
258
258
260
261
262
263
263
264
264
267
267
267
268
268
269
270
270
271
271
273
275
277
277
278
278
279
281
281
283
283
285
285
285
286
287
287
289
289
289
290
290
291
292
292
293
294
295
295
295
297
297
298
298
300
301
301
301
302
303
304
305
306
306
306
307
307
307
307
310
311
311
313
314
315
316
318
318
319
320
320
321
323
323
324
326
326
326
328
328
329
329
329
330
330
331
333
333
334
334
334
336
337
338
338
341
341
341
342
343
344
344
344
345
345
346
348
348
351
352
352
355
355
355
355
355
357
362
364
364
365
366
367
367
367
368
368
370
370
370
370
371
371
371
371
372
372
372
373
375
375
376
376
376
376
377
377
378
378
379
379
380
382
383
383
386
387
389
391
392
393
393
394
394
395
397
397
398
398
399
399
400
400
400
402
403
403
403
404
404
405
406
406
407
408
408
409
410
410
412
412
413
413
413
414
414
414
415
416
416
418
419
420
420
421
422
423
423
424
424
425
427
427
430
431
432
432
433
433
433
435
438
438
439
439
440
441
441
442
442
442
444
444
444
444
445
447
448
448
448
449
450
450
452
452
453
455
455
457
457
460
464
465
465
465
466
466
467
468
471
472
476
478
478
478
480
482
483
484
485
486
486
488
489
489
493
493
493
494
494
495
496
496
498
498
498
499
499
501
504
506
507
509
510
510
510
512
513
514
518
518
519
520
520
520
520
521
521
524
525
526
528
528
528
530
531
531
532
532
534
535
538
539
540
540
540
542
542
543
544
546
548
548
549
549
552
553
553
553
553
554
555
556
556
556
556
557
557
560
560
562
562
564
566
567
567
568
568
568
568
569
569
569
570
570
572
573
573
574
575
576
576
577
578
579
580
580
581
581
582
583
586
586
587
588
588
589
590
590
591
591
593
594
594
594
594
595
596
596
596
596
598
599
599
601
602
602
603
603
603
604
605
606
608
609
609
609
610
612
613
614
614
614
615
616
618
620
620
621
621
622
622
622
622
623
623
623
626
627
627
628
628
630
630
631
632
632
633
634
634
635
635
636
636
636
637
637
637
637
638
638
638
639
639
640
643
644
645
645
645
647
648
648
648
648
648
648
650
650
651
652
653
653
654
655
656
657
659
659
659
660
661
662
663
666
666
666
666
666
667
667
667
669
671
672
672
673
673
674
678
678
678
679
679
680
680
681
682
686
686
687
689
691
692
692
693
694
694
695
695
695
695
695
700
700
700
701
701
702
702
702
704
704
704
705
705
706
706
707
711
711
711
712
714
714
715
715
715
716
716
717
718
718
719
721
723
723
725
725
725
726
726
726
727
728
731
731
732
732
733
733
734
734
734
734
736
737
737
737
738
739
739
740
741
741
742
742
743
743
744
745
746
746
747
749
749
749
752
753
753
753
754
754
755
755
757
758
758
759
759
760
761
761
763
763
764
767
768
768
771
771
772
772
772
773
773
775
775
775
776
777
777
777
778
780
780
780
781
783
785
785
785
786
787
787
788
788
788
790
790
790
791
792
792
792
793
793
793
793
794
794
794
794
796
797
797
797
798
799
800
800
800
802
803
803
803
804
804
805
806
807
807
808
809
809
809
810
810
810
810
811
812
812
814
816
817
818
819
820
820
820
821
821
822
823
823
823
824
824
824
826
826
826
827
827
827
829
829
830
830
830
832
833
833
833
834
835
836
837
837
838
838
839
842
842
842
843
843
844
845
846
846
847
849
849
849
850
851
851
852
852
852
853
853
856
857
858
858
861
861
862
862
862
863
863
863
865
865
866
866
867
867
867
868
869
870
871
873
873
874
874
875
876
876
876
877
877
877
878
880
881
883
884
884
884
884
884
886
887
887
888
890
891
893
893
893
897
897
897
897
898
899
899
901
901
903
907
908
909
909
910
910
913
915
916
916
917
919
919
919
921
921
922
922
923
924
925
925
926
927
930
931
932
933
933
934
934
934
936
936
937
940
942
942
943
943
944
947
948
948
948
948
948
949
949
950
950
950
952
952
952
953
954
954
955
956
956
957
958
958
959
961
962
964
965
965
965
967
968
968
969
972
972
973
973
973
973
974
974
974
975
975
980
980
980
981
981
981
982
982
982
983
983
983
989
990
990
991
991
991
992
994
996
996
999
1000
1001
1001
1001
1003
1004
1004
1006
1006
1007
1008
1008
1009
1009
1010
1010
1011
1012
1012
1012
1013
1013
1015
1015
1016
1016
1017
1018
1018
1019
1020
1020
1020
1022
1022
1023
1023
1024
1025
1026
1027
1028
1031
1031
1031
1032
1033
1033
1034
1034
1036
1036
1037
1038
1040
1043
1044
1049
1051
1052
1053
1053
1054
1054
1055
1059
1060
1062
1067
1068
1069
1069
1070
1071
1073
1074
1075
1075
1076
1079
1079
1080
1081
1082
1083
1083
1086
1086
1087
1087
1091
1091
1092
1092
1092
1093
1093
1094
1094
1097
1097
1097
1097
1098
1098
1098
1102
1102
1103
1103
1104
1105
1105
1105
1105
1106
1106
1107
1107
1108
1108
1109
1110
1111
1111
1112
1113
1113
1114
1114
1116
1116
1117
1117
1119
1119
1120
1121
1122
1122
1124
1124
1125
1125
1125
1127
1127
1128
1129
1129
1131
1131
1131
1132
1133
1134
1134
1134
1135
1135
1135
1136
1136
1136
1138
1139
1141
1142
1143
1144
1145
1146
1146
1146
1147
1147
1148
1148
1149
1149
1150
1151
1152
1152
1153
1153
1155
1155
1155
1156
1158
1158
1160
1160
1160
1162
1163
1164
1164
1164
1165
1165
1166
1167
1168
1169
1169
1171
1171
1171
1171
1172
1172
1172
1173
1173
1174
1175
1175
1175
1175
1176
1176
1177
1178
1179
1181
1181
1181
1182
1184
1184
1185
1185
1186
1186
1186
1186
1187
1187
1188
1188
1188
1189
1189
1190
1190
1191
1191
1191
1192
1194
1195
1195
1195
1196
1197
1197
1197
1198
1198
1202
1202
1205
1205
1206
1206
1208
1210
1212
1213
1213
1217
1217
1217
1220
1222
1222
1227
1228
1228
1229
1229
1231
1232
1232
1234
1234
1238
1239
1239
1241
1241
1242
1242
1242
1244
1245
1246
1246
1246
1249
1250
1251
1251
1252
1253
1253
1254
1254
1254
1255
1255
1255
1256
1256
1256
1257
1257
1257
1259
1259
1259
1260
1260
1260
1260
1261
1262
1263
1263
1264
1265
1265
1266
1266
1268
1268
1268
1269
1269
1270
1271
1271
1272
1273
1273
1273
1274
1275
1276
1278
1278
1280
1280
1281
1282
1283
1284
1285
1285
1286
1286
1286
1287
1287
1289
1290
1290
1292
1294
1295
1297
1297
1297
1297
1298
1299
1299
1301
1301
1302
1302
1302
1303
1303
1303
1306
1306
1306
1307
1308
1309
1310
1310
1311
1312
1313
1315
1317
1317
1318
1318
1319
1319
1320
1320
1321
1323
1323
1324
1324
1325
1325
1325
1327
1331
1331
1331
1331
1335
1337
1338
1339
1339
1339
1339
1340
1340
1340
1342
1343
1343
1344
1345
1345
1347
1347
1349
1349
1349
1350
1350
1351
1352
1353
1355
1355
1356
1356
1356
1356
1357
1357
1357
1357
1360
1361
1364
1366
1367
1369
1370
1371
1372
1372
1373
1375
1378
1378
1379
1379
1379
1380
1380
1381
1381
1382
1383
1383
1383
1385
1386
1386
1389
1391
1392
1392
1394
1394
1395
1398
1400
1402
1402
1402
1404
1404
1404
1405
1405
1407
1407
1408
1410
1411
1413
1413
1416
1417
1417
1417
1418
1418
1419
1419
1421
1421
1422
1424
1426
1427
1428
1428
1429
1430
1430
1430
1430
1431
1431
1431
1431
1433
1434
1435
1435
1435
1436
1437
1437
1439
1439
1440
1441
1441
1442
1443
1443
1445
1446
1446
1446
1447
1447
1448
1449
1450
1454
1455
1455
1455
1457
1457
1457
1459
1459
1460
1461
1462
1462
1462
1463
1464
1464
1467
1467
1467
1468
1469
1470
1471
1472
1473
1473
1474
1474
1475
1476
1477
1478
1478
1479
1481
1481
1482
1483
1483
1484
1486
1486
1487
1487
1487
1488
1488
1489
1491
1491
1492
1493
1495
1498
1498
1499
1499
1500
1501
1501
1501
1501
1502
1503
1503
1504
1505
1505
1506
1507
1508
1508
1509
1511
1511
1514
1514
1515
1515
1516
1516
1517
1520
1520
1524
1524
1525
1525
1527
1528
1528
1529
1531
1532
1533
1534
1536
1536
1537
1539
1540
1542
1543
1546
1548
1551
1552
1553
1555
1556
1558
1559
1560
1560
1560
1560
1563
1564
1565
1566
1566
1567
1567
1568
1569
1569
1569
1570
1570
1570
1572
1573
1575
1575
1576
1578
1578
1579
1579
1580
1580
1582
1582
1582
1583
1583
1584
1584
1584
1586
1587
1587
1588
1588
1588
1589
1590
1593
1593
1594
1594
1596
1596
1597
1597
1598
1600
1602
1605
1606
1608
1614
1614
1614
1616
1616
1616
1616
1617
1618
1619
1619
1619
1620
1621
1621
1621
1623
1624
1624
1625
1627
1627
1628
1629
1629
1629
1630
1630
1631
1631
1632
1634
1634
1634
1635
1636
1638
1639
1639
1639
1641
1643
1644
1645
1647
1648
1650
1650
1650
1651
1651
1651
1653
1654
1654
1656
1657
1658
1658
1660
1660
1660
1660
1661
1661
1662
1662
1665
1665
1667
1668
1669
1669
1671
1671
1671
1671
1672
1673
1673
1673
1675
1676
1676
1677
1678
1679
1679
1680
1681
1681
1682
1683
1685
1686
1687
1688
1689
1689
1690
1691
1691
1691
1692
1696
1697
1698
1699
1700
1700
1700
1702
1703
1703
1705
1705
1705
1710
1710
1711
1713
1714
1715
1715
1716
1716
1720
1723
1723
1724
1724
1725
1726
1726
1726
1728
1728
1730
1730
1734
1734
1736
1736
1737
1737
1737
1738
1741
1742
1742
1743
1744
1744
1745
1745
1746
1748
1752
1753
1753
1754
1754
1755
1755
1756
1756
1757
1758
1758
1758
1759
1759
1760
1760
1760
1762
1763
1764
1764
1765
1765
1765
1769
1769
1770
1770
1771
1771
1772
1772
1772
1773
1773
1774
1776
1777
1777
1780
1781
1782
1782
1783
1784
1785
1786
1787
1788
1788
1789
1791
1792
1792
1793
1793
1794
1794
1796
1796
1797
1801
1801
1802
1802
1803
1803
1803
1803
1805
1805
1806
1807
1807
1808
1808
1809
1809
1809
1810
1812
1812
1814
1815
1817
1818
1819
1820
1820
1822
1822
1823
1823
1823
1824
1827
1827
1827
1828
1828
1829
1829
1830
1831
1833
1833
1833
1833
1834
1834
1835
1835
1835
1836
1836
1836
1837
1838
1838
1842
1843
1843
1844
1844
1845
1847
1847
1847
1848
1849
1849
1849
1850
1851
1852
1853
1853
1853
1853
1854
1854
1855
1855
1855
1856
1856
1856
1856
1858
1859
1859
1860
1861
1863
1864
1865
1865
1866
1866
1866
1866
1867
1867
1868
1868
1871
1872
1872
1873
1873
1873
1873
1873
1873
1874
1875
1875
1875
1876
1876
1876
1877
1878
1879
1880
1880
1880
1881
1881
1882
1882
1882
1883
1885
1885
1886
1887
1887
1887
1887
1889
1889
1890
1891
1891
1892
1898
1899
1900
1900
1901
1901
1903
1905
1905
1905
1908
1909
1909
1910
1910
1913
1915
1915
1915
1917
1917
1917
1918
1918
1918
1920
1922
1924
1924
1925
1925
1927
1927
1928
1929
1930
1930
1932
1933
1933
1934
1934
1934
1935
1935
1937
1937
1937
1938
1938
1939
1939
1940
1940
1941
1942
1942
1943
1943
1945
1947
1949
1949
1949
1952
1952
1953
1953
1955
1956
1957
1961
1961
1961
1963
1964
1966
1966
1966
1967
1967
1968
1968
1970
1970
1974
1974
1975
1975
1975
1976
1976
1980
1980
1980
1980
1982
1983
1984
1984
1985
1986
1987
1987
1988
1991
1991
1991
1991
1992
1993
1994
1995
1996
1997
1998
1998
1999
1999
1999
1999
2000
2001
2002
2003
2004
2006
2006
2009
2009
2010
2010
2012
2013
2014
2015
2016
2017
2017
2021
2021
2021
2022
2022
2022
2023
2023
2023
2023
2024
2025
2028
2028
2028
2029
2030
2033
2036
2039
2039
2039
2040
2040
2040
2041
2042
2043
2043
2044
2045
2045
2045
2046
2046
2046
2047
2047
2048
2048
2048
2049
2052
2054
2055
2056
2056
2057
2060
2061
2062
2062
2063
2064
2066
2067
2068
2070
2070
2071
2071
2072
2072
2073
2073
2074
2075
2075
2076
2077
2078
2078
2079
2079
2080
2080
2081
2081
2081
2082
2083
2084
2084
2085
2085
2085
2087
2088
2089
2090
2090
2090
2091
2092
2092
2092
2092
2093
2093
2094
2094
2096
2097
2098
2098
2099
2100
2101
2103
2103
2104
2106
2108
2109
2110
2111
2114
2114
2114
2115
2115
2116
2116
2117
2118
2118
2118
2120
2120
2120
2120
2121
2122
2124
2125
2126
2126
2127
2128
2130
2131
2131
2131
2132
2135
2135
2135
2136
2138
2140
2141
2142
2142
2143
2144
2145
2145
2147
2148
2148
2148
2150
2151
2152
2153
2153
2154
2154
2154
2154
2155
2156
2156
2156
2157
2158
2158
2159
2159
2160
2161
2162
2162
2162
2163
2164
2164
2165
2167
2167
2168
2170
2170
2171
2171
2172
2172
2172
2173
2173
2174
2175
2181
2183
2184
2184
2186
2187
2188
2190
2191
2192
2192
2194
2194
2197
2197
2197
2198
2199
2199
2199
2199
2201
2201
2205
2205
2205
2206
2207
2207
2207
2209
2210
2210
2211
2211
2211
2212
2212
2213
2214
2215
2215
2215
2215
2216
2217
2218
2219
2219
2219
2220
2220
2221
2221
2221
2222
2222
2223
2224
2225
2226
2226
2227
2229
2229
2229
2230
2231
2232
2232
2232
2232
2233
2233
2234
2234
2235
2236
2236
2237
2237
2238
2238
2239
2239
2239
2240
2240
2241
2243
2243
2243
2245
2248
2250
2254
2254
2254
2255
2256
2258
2259
2260
2260
2261
2261
2262
2265
2267
2270
2272
2272
2273
2273
2275
2276
2276
2278
2279
2282
2282
2283
2284
2285
2285
2286
2287
2287
2288
2289
2290
2290
2291
2293
2294
2294
2295
2299
2299
2300
2300
2301
2301
2302
2303
2303
2304
2304
2304
2305
2305
2306
2307
2307
2308
2309
2310
2310
2311
2311
2312
2313
2314
2314
2319
2320
2321
2322
2322
2323
2323
2324
2324
2324
2325
2325
2326
2326
2327
2328
2329
2331
2332
2333
2333
2334
2334
2335
2335
2336
2337
2338
2338
2338
2338
2341
2342
2342
2342
2343
2343
2343
2344
2347
2348
2349
2350
2350
2351
2351
2352
2353
2354
2355
2355
2355
2359
2362
2363
2363
2363
2363
2364
2364
2365
2366
2368
2368
2369
2369
2369
2372
2372
2373
2373
2373
2373
2374
2374
2375
2375
2376
2377
2378
2379
2379
2379
2380
2381
2381
2382
2383
2384
2385
2385
2387
2387
2388
2388
2390
2390
2390
2391
2391
2393
2394
2397
2399
2399
2399
2399
2401
2403
2404
2405
2407
2410
2410
2412
2413
2415
2415
2417
2417
2419
2420
2422
2422
2423
2424
2426
2427
2428
2428
2430
2431
2432
2432
2433
2433
2434
2435
2435
2436
2436
2437
2438
2441
2442
2443
2444
2444
2444
2447
2447
2447
2447
2448
2449
2450
2450
2450
2450
2451
2452
2453
2453
2455
2457
2458
2458
2460
2460
2460
2461
2462
2462
2462
2462
2464
2464
2464
2465
2465
2465
2469
2470
2471
2474
2475
2475
2478
2478
2480
2481
2481
2481
2482
2482
2484
2486
2486
2487
2488
2489
2492
2494
2494
2494
2495
2496
2496
2498
2499
2499
2501
2502
2502
2505
2505
2506
2506
2510
2511
2512
2512
2513
2513
2514
2514
2515
2515
2518
2519
2519
2519
2519
2520
2521
2523
2524
2525
2525
2526
2526
2527
2528
2528
2529
2530
2530
2531
2533
2534
2534
2535
2536
2536
2538
2538
2539
2540
2541
2542
2543
2543
2544
2544
2544
2544
2545
2548
2548
2548
2549
2550
2550
2552
2553
2555
2555
2556
2556
2557
2557
2557
2557
2557
2558
2558
2559
2560
2560
2562
2563
2566
2567
2568
2568
2568
2569
2570
2572
2572
2572
2573
2574
2574
2575
2577
2578
2579
2579
2582
2584
2584
2585
2585
2586
2586
2586
2588
2588
2588
2589
2590
2590
2592
2592
2592
2592
2596
2598
2598
2600
2601
2601
2601
2603
2603
2604
2604
2605
2606
2607
2607
2607
2607
2608
2609
2609
2612
2613
2613
2614
2614
2615
2616
2618
2618
2618
2619
2620
2620
2620
2624
2625
2627
2632
2632
2632
2633
2634
2636
2636
2637
2637
2637
2638
2638
2639
2639
2639
2640
2640
2641
2641
2641
2644
2644
2645
2645
2646
2646
2646
2648
2649
2650
2650
2650
2651
2653
2654
2655
2655
2655
2656
2657
2658
2660
2660
2660
2661
2661
2662
2662
2662
2663
2667
2667
2669
2670
2670
2670
2671
2674
2674
2675
2677
2680
2681
2682
2682
2683
2685
2685
2685
2688
2689
2689
2692
2693
2693
2693
2693
2694
2695
2695
2695
2696
2699
2700
2700
2701
2702
2703
2705
2705
2707
2707
2708
2711
2713
2713
2713
2713
2713
2714
2715
2715
2715
2716
2716
2718
2718
2721
2721
2722
2722
2722
2722
2723
2725
2725
2726
2726
2726
2727
2727
2727
2728
2728
2728
2730
2730
2731
2733
2733
2734
2735
2735
2737
2738
2740
2740
2742
2742
2743
2743
2743
2745
2746
2747
2748
2749
2750
2751
2751
2753
2754
2754
2755
2756
2759
2760
2760
2760
2762
2762
2763
2764
2764
2764
2766
2769
2770
2771
2773
2773
2775
2776
2777
2777
2781
2783
2784
2784
2785
2786
2786
2786
2788
2789
2790
2790
2792
2792
2792
2794
2794
2794
2795
2797
2799
2799
2800
2800
2800
2800
2804
2809
2809
2810
2813
2813
2815
2821
2821
2821
2821
2824
2825
2825
2826
2826
2827
2829
2833
2835
2835
2836
2836
2838
2842
2842
2842
2842
2843
2844
2845
2846
2846
2847
2848
2849
2851
2851
2852
2853
2855
2858
2860
2860
2860
2861
2863
2864
2866
2868
2869
2869
2871
2875
2875
2875
2876
2876
2876
2876
2877
2878
2879
2880
2881
2881
2883
2885
2887
2888
2888
2889
2890
2892
2894
2895
2895
2898
2899
2900
2901
2902
2906
2908
2908
2908
2909
2910
2912
2913
2914
2915
2916
2917
2917
2918
2918
2921
2922
2924
2925
2925
2926
2927
2928
2929
2929
2929
2931
2934
2934
2934
2935
2938
2940
2941
2941
2942
2942
2945
2945
2946
2946
2948
2948
2950
2951
2951
2952
2954
2954
2956
2956
2957
2959
2960
2961
2964
2965
2966
2968
2968
2969
2971
2971
2974
2974
2975
2982
2983
2983
2983
2984
2986
2987
2988
2988
2991
2991
2991
2991
2992
2995
2996
2999
2999
3000
3001
3001
3002
3006
3006
3007
3007
3007
3009
3012
3012
3012
3013
3013
3015
3017
3018
3019
3021
3022
3022
3022
3023
3023
3024
3024
3025
3025
3027
3027
3028
3028
3028
3029
3030
3030
3031
3031
3033
3034
3035
3040
3041
3042
3044
3045
3045
3047
3048
3048
3049
3050
3050
3051
3052
3052
3053
3055
3055
3055
3056
3057
3058
3058
3059
3060
3061
3062
3062
3064
3064
3064
3066
3068
3069
3071
3071
3072
3073
3073
3074
3076
3076
3077
3077
3078
3079
3079
3080
3081
3081
3083
3084
3090
3092
3092
3095
3096
3097
3098
3101
3102
3103
3104
3104
3105
3105
3105
3108
3110
3111
3114
3116
3116
3118
3119
3119
3121
3122
3122
3122
3124
3126
3127
3130
3131
3132
3132
3135
3136
3137
3138
3140
3140
3141
3143
3146
3147
3147
3149
3149
3150
3151
3152
3153
3154
3155
3156
3156
3157
3159
3159
3159
3161
3161
3161
3162
3162
3165
3167
3167
3168
3169
3170
3171
3172
3172
3174
3175
3178
3179
3179
3180
3180
3180
3182
3183
3184
3184
3186
3191
3192
3194
3195
3196
3196
3197
3199
3202
3204
3207
3208
3208
3208
3208
3209
3209
3210
3210
3211
3212
3212
3214
3214
3215
3216
3216
3216
3222
3222
3222
3223
3227
3228
3228
3229
3230
3232
3232
3232
3235
3235
3237
3238
3239
3240
3240
3241
3241
3242
3243
3244
3245
3246
3252
3252
3254
3255
3256
3258
3259
3259
3260
3261
3263
3264
3264
3266
3267
3268
3268
3271
3274
3275
3278
3280
3280
3282
3282
3282
3285
3289
3289
3290
3291
3292
3293
3293
3294
3294
3294
3297
3299
3300
3300
3301
3302
3302
3305
3307
3309
3309
3314
3314
3315
3315
3316
3319
3320
3321
3322
3323
3323
3324
3326
3326
3329
3330
3331
3332
3332
3334
3334
3336
3336
3342
3342
3343
3344
3344
3346
3346
3347
3348
3349
3349
3349
3351
3352
3353
3354
3356
3356
3356
3356
3358
3359
3359
3361
3361
3362
3363
3364
3365
3366
3367
3368
3368
3370
3374
3375
3375
3378
3379
3381
3382
3382
3384
3386
3386
3387
3388
3390
3392
3393
3396
3397
3403
3407
3410
3410
3410
3411
3412
3413
3414
3415
3419
3419
3420
3421
3423
3423
3423
3424
3424
3424
3425
3425
3425
3426
3427
3428
3429
3430
3430
3432
3433
3433
3434
3434
3435
3435
3435
3438
3439
3441
3441
3442
3443
3443
3444
3445
3446
3448
3451
3451
3452
3454
3454
3456
3457
3457
3459
3460
3460
3461
3462
3463
3464
3464
3466
3468
3469
3470
3470
3470
3472
3473
3475
3475
3477
3478
3479
3480
3480
3480
3481
3481
3482
3484
3484
3485
3485
3486
3487
3490
3491
3493
3493
3494
3497
3500
3500
3500
3502
3503
3504
3506
3508
3509
3510
3511
3512
3512
3514
3515
3516
3517
3519
3519
3519
3519
3520
3520
3520
3524
3525
3525
3529
3530
3530
3530
3531
3532
3532
3532
3532
3534
3536
3536
3540
3540
3541
3541
3542
3542
3543
3545
3547
3549
3549
3552
3554
3555
3556
3557
3557
3557
3557
3558
3558
3558
3559
3560
3560
3561
3561
3563
3565
3567
3567
3568
3569
3570
3572
3573
3576
3578
3579
3579
3579
3580
3581
3584
3584
3585
3586
3586
3586
3587
3588
3588
3588
3589
3589
3589
3590
3590
3592
3595
3598
3598
3599
3599
3600
3602
3602
3606
3606
3607
3608
3608
3608
3608
3610
3610
3611
3612
3613
3614
3615
3616
3616
3617
3617
3617
3617
3618
3619
3619
3619
3620
3620
3621
3622
3623
3624
3624
3625
3626
3626
3626
3628
3629
3629
3629
3630
3632
3633
3633
3634
3636
3641
3641
3641
3642
3644
3645
3648
3648
3650
3650
3653
3654
3654
3654
3654
3655
3655
3656
3656
3657
3659
3660
3662
3665
3667
3667
3671
3671
3673
3674
3676
3677
3679
3679
3680
3680
3681
3681
3683
3683
3683
3684
3685
3685
3685
3687
3688
3688
3689
3691
3692
3694
3694
3696
3697
3699
3700
3702
3702
3703
3704
3704
3704
3706
3707
3707
3707
3708
3712
3713
3713
3713
3714
3715
3716
3717
3718
3722
3726
3726
3726
3727
3728
3729
3730
3731
3731
3733
3738
3739
3740
3740
3740
3744
3745
3746
3748
3749
3750
3751
3752
3754
3754
3755
3756
3757
3757
3757
3760
3760
3762
3763
3764
3765
3765
3768
3768
3769
3769
3770
3772
3772
3774
3774
3774
3775
3777
3778
3778
3779
3782
3784
3784
3785
3788
3789
3791
3792
3794
3799
3800
3802
3802
3803
3806
3807
3808
3814
3814
3817
3817
3818
3820
3821
3824
3825
3827
3829
3831
3834
3836
3836
3836
3837
3839
3842
3843
3844
3844
3845
3845
3846
3847
3848
3848
3849
3849
3852
3852
3852
3855
3855
3857
3860
3861
3861
3864
3864
3865
3865
3868
3869
3871
3871
3873
3875
3877
3877
3878
3879
3881
3881
3882
3885
3886
3888
3889
3891
3894
3895
3896
3902
3905
3905
3907
3908
3909
3910
3910
3911
3911
3911
3911
3915
3919
3921
3922
3924
3924
3925
3925
3925
3927
3930
3931
3931
3932
3935
3936
3936
3938
3940
3941
3942
3942
3944
3945
3947
3948
3948
3950
3950
3951
3952
3954
3956
3956
3958
3959
3960
3960
3961
3962
3962
3963
3963
3964
3967
3968
3969
3969
3971
3972
3977
3978
3978
3981
3982
3982
3982
3983
3983
3984
3985
3985
3985
3986
3990
3992
3992
3993
3994
3996
3997
4001
4003
4004
4005
4007
4008
4010
4011
4011
4011
4012
4012
4012
4015
4015
4016
4017
4018
4020
4020
4021
4021
4022
4022
4023
4024
4024
4024
4026
4029
4031
4031
4034
4035
4035
4039
4040
4041
4041
4041
4042
4045
4045
4045
4045
4047
4048
4048
4050
4050
4051
4051
4055
4055
4056
4058
4058
4059
4061
4061
4062
4062
4064
4064
4064
4065
4065
4066
4067
4067
4067
4067
4068
4069
4070
4070
4071
4071
4072
4072
4074
4075
4077
4077
4078
4079
4081
4081
4081
4082
4082
4083
4083
4084
4085
4085
4085
4085
4086
4091
4091
4092
4093
4096
4097
4097
4099
4099
4101
4103
4105
4105
4106
4106
4106
4106
4108
4108
4108
4109
4109
4110
4110
4112
4112
4114
4114
4120
4121
4124
4124
4125
4125
4126
4126
4127
4128
4131
4131
4131
4131
4132
4133
4135
4136
4136
4138
4140
4141
4142
4142
4144
4144
4147
4148
4148
4149
4149
4152
4152
4153
4155
4156
4157
4158
4158
4160
4163
4164
4167
4168
4168
4169
4169
4171
4173
4174
4177
4179
4179
4180
4180
4180
4181
4183
4184
4185
4186
4186
4188
4190
4190
4190
4191
4192
4192
4193
4193
4193
4194
4197
4197
4199
4199
4200
4201
4203
4205
4206
4206
4207
4207
4210
4211
4211
4212
4213
4214
4215
4216
4218
4219
4219
4223
4225
4225
4226
4226
4226
4226
4226
4227
4227
4227
4228
4232
4233
4234
4234
4236
4239
4239
4240
4241
4241
4241
4242
4242
4242
4243
4243
4244
4248
4248
4248
4249
4250
4251
4253
4257
4259
4259
4260
4261
4263
4263
4268
4269
4269
4269
4270
4271
4274
4274
4275
4276
4276
4277
4278
4279
4280
4280
4282
4283
4285
4285
4285
4287
4287
4287
4288
4291
4292
4293
4294
4295
4295
4295
4296
4297
4298
4298
4299
4300
4301
4301
4304
4305
4306
4306
4306
4308
4309
4311
4312
4313
4314
4315
4315
4317
4318
4319
4319
4322
4322
4322
4327
4327
4330
4332
4332
4332
4333
4334
4335
4335
4336
4338
4338
4339
4339
4340
4341
4341
4342
4342
4344
4345
4346
4346
4348
4349
4351
4355
4358
4359
4359
4359
4359
4360
4361
4363
4365
4365
4366
4366
4366
4366
4367
4368
4368
4369
4370
4370
4372
4373
4375
4377
4377
4379
4381
4381
4381
4381
4382
4383
4384
4385
4386
4387
4387
4387
4388
4390
4394
4394
4395
4396
4397
4397
4401
4402
4403
4403
4404
4404
4404
4404
4407
4408
4408
4408
4410
4412
4415
4416
4420
4421
4424
4425
4426
4426
4426
4428
4430
4431
4431
4431
4433
4433
4433
4433
4435
4437
4437
4437
4439
4441
4441
4441
4443
4443
4445
4446
4446
4449
4449
4452
4453
4453
4454
4454
4454
4455
4457
4458
4461
4463
4463
4463
4464
4464
4465
4465
4466
4466
4466
4467
4467
4467
4469
4469
4470
4470
4470
4471
4471
4472
4473
4474
4475
4475
4476
4477
4477
4478
4485
4486
4487
4489
4489
4491
4493
4494
4496
4499
4500
4507
4508
4510
4515
4516
4516
4518
4519
4519
4520
4521
4521
4521
4523
4523
4525
4525
4527
4527
4529
4529
4530
4530
4530
4531
4531
4532
4532
4533
4534
4534
4535
4536
4536
4537
4537
4539
4540
4541
4543
4543
4547
4550
4551
4552
4554
4554
4554
4555
4557
4560
4560
4561
4563
4564
4565
4569
4569
4571
4572
4574
4575
4575
4577
4578
4578
4579
4581
4582
4582
4583
4583
4585
4587
4588
4589
4590
4590
4593
4595
4596
4596
4597
4598
4600
4601
4601
4602
4602
4602
4603
4603
4605
4605
4606
4606
4608
4610
4612
4618
4619
4620
4621
4621
4622
4623
4623
4624
4625
4625
4626
4626
4627
4628
4628
4629
4630
4630
4631
4632
4633
4635
4636
4636
4638
4638
4640
4642
4643
4644
4644
4648
4649
4649
4649
4651
4653
4653
4656
4658
4661
4662
4664
4664
4665
4666
4666
4668
4669
4669
4669
4670
4670
4672
4673
4673
4674
4676
4676
4678
4678
4679
4679
4679
4680
4680
4682
4683
4683
4687
4687
4690
4690
4692
4695
4695
4698
4698
4699
4699
4700
4702
4704
4711
4713
4713
4715
4715
4716
4717
4718
4718
4719
4720
4721
4722
4722
4723
4724
4725
4726
4727
4729
4730
4730
4733
4734
4736
4736
4738
4738
4739
4740
4740
4741
4746
4746
4746
4747
4748
4748
4749
4749
4750
4750
4751
4754
4755
4755
4756
4758
4758
4760
4761
4761
4762
4762
4763
4763
4764
4764
4765
4765
4767
4769
4769
4772
4775
4776
4777
4778
4778
4780
4781
4781
4782
4783
4783
4785
4785
4786
4786
4787
4787
4788
4790
4792
4793
4793
4796
4798
4799
4801
4802
4803
4804
4804
4805
4806
4806
4807
4807
4808
4808
4810
4810
4811
4811
4813
4815
4816
4818
4818
4818
4819
4822
4822
4822
4822
4823
4824
4825
4825
4825
4827
4827
4827
4836
4838
4838
4839
4839
4839
4840
4841
4842
4843
4843
4844
4845
4847
4851
4852
4854
4855
4855
4857
4858
4860
4860
4862
4862
4864
4867
4867
4868
4869
4869
4869
4870
4870
4872
4873
4873
4874
4874
4874
4876
4876
4877
4877
4877
4879
4881
4881
4884
4884
4885
4885
4888
4891
4892
4893
4893
4894
4895
4895
4898
4898
4899
4901
4901
4902
4902
4903
4903
4905
4906
4907
4907
4907
4908
4908
4908
4908
4908
4910
4911
4912
4916
4919
4920
4922
4923
4926
4927
4927
4927
4928
4929
4929
4930
4935
4936
4937
4937
4939
4944
4944
4945
4945
4948
4949
4949
4950
4951
4952
4952
4952
4952
4955
4956
4957
4957
4958
4959
4959
4959
4961
4961
4962
4962
4963
4963
4964
4966
4966
4967
4968
4968
4970
4970
4971
4973
4976
4977
4978
4979
4979
4980
4981
4983
4983
4985
4986
4986
4992
4993
4994
4994
4995
4996
4997
4998
4998
4998
4999
5000
5000
5001
5005
5006
5008
5008
5008
5009
5011
5014
5014
5015
5015
5015
5019
5019
5021
5021
5022
5023
5024
5025
5025
5028
5030
5032
5032
5032
5033
5034
5034
5035
5035
5037
5038
5039
5039
5041
5044
5044
5045
5047
5047
5050
5050
5051
5053
5053
5054
5055
5058
5061
5062
5063
5064
5064
5065
5065
5066
5067
5069
5072
5072
5072
5074
5074
5074
5076
5076
5077
5078
5078
5079
5081
5081
5082
5082
5083
5084
5084
5086
5087
5090
5091
5091
5094
5094
5097
5097
5098
5099
5100
5100
5101
5101
5102
5103
5103
5106
5107
5108
5113
5115
5115
5116
5116
5119
5121
5125
5127
5128
5130
5130
5134
5136
5136
5138
5140
5141
5143
5144
5144
5148
5149
5150
5151
5151
5153
5154
5154
5155
5158
5158
5163
5163
5165
5165
5166
5166
5167
5167
5169
5169
5170
5171
5171
5171
5173
5174
5175
5175
5177
5177
5179
5180
5181
5182
5182
5183
5186
5187
5188
5190
5191
5193
5193
5194
5194
5194
5195
5196
5197
5197
5198
5200
5201
5201
5201
5202
5203
5204
5205
5207
5208
5209
5209
5211
5212
5217
5219
5221
5221
5222
5225
5226
5227
5227
5228
5229
5230
5231
5233
5234
5235
5235
5237
5239
5240
5245
5245
5247
5247
5247
5248
5249
5249
5249
5251
5252
5254
5254
5254
5254
5255
5255
5255
5256
5256
5256
5257
5257
5257
5258
5262
5264
5270
5270
5271
5272
5274
5277
5280
5282
5282
5283
5284
5285
5287
5287
5288
5288
5288
5289
5289
5289
5290
5290
5291
5292
5292
5299
5300
5301
5301
5304
5305
5307
5307
5311
5311
5312
5316
5316
5318
5318
5319
5321
5321
5321
5322
5323
5323
5323
5324
5325
5326
5326
5326
5328
5330
5330
5330
5331
5331
5332
5333
5336
5336
5338
5339
5339
5340
5343
5344
5345
5346
5346
5347
5347
5347
5348
5348
5349
5349
5349
5350
5352
5355
5356
5357
5357
5357
5359
5359
5359
5359
5360
5360
5360
5360
5363
5363
5364
5364
5366
5367
5369
5370
5370
5371
5372
5376
5376
5377
5378
5378
5380
5380
5381
5383
5384
5387
5390
5391
5391
5392
5393
5396
5400
5401
5403
5403
5404
5404
5404
5405
5405
5405
5407
5409
5410
5410
5411
5411
5415
5418
5418
5418
5421
5421
5421
5422
5424
5424
5424
5424
5424
5424
5425
5426
5430
5432
5432
5436
5439
5439
5441
5441
5442
5443
5443
5443
5444
5444
5444
5447
5450
5454
5455
5459
5459
5459
5460
5461
5462
5462
5463
5463
5469
5469
5470
5472
5474
5474
5476
5477
5477
5478
5480
5480
5481
5481
5482
5482
5483
5487
5487
5490
5490
5491
5495
5495
5496
5496
5496
5496
5499
5499
5500
5501
5502
5502
5502
5503
5504
5505
5507
5510
5511
5511
5514
5514
5516
5516
5517
5518
5518
5519
5519
5520
5522
5523
5524
5526
5526
5526
5526
5527
5527
5528
5528
5529
5533
5533
5534
5537
5537
5537
5537
5537
5539
5539
5540
5541
5543
5543
5544
5545
5546
5548
5551
5553
5553
5554
5555
5556
5556
5558
5559
5560
5560
5561
5561
5564
5564
5566
5566
5566
5568
5574
5575
5576
5576
5576
5577
5579
5580
5582
5585
5586
5586
5586
5587
5587
5587
5590
5590
5591
5591
5592
5592
5594
5596
5598
5598
5599
5600
5601
5602
5602
5602
5603
5604
5604
5605
5605
5606
5607
5608
5608
5609
5610
5610
5611
5612
5614
5614
5616
5618
5621
5621
5622
5626
5627
5627
5629
5630
5631
5632
5633
5633
5634
5634
5634
5635
5635
5640
5640
5641
5643
5643
5643
5644
5644
5647
5653
5654
5654
5656
5656
5657
5659
5660
5661
5668
5668
5669
5671
5672
5672
5672
5672
5674
5677
5680
5680
5680
5680
5681
5681
5684
5685
5686
5688
5689
5689
5690
5692
5693
5693
5695
5696
5696
5697
5698
5698
5698
5699
5701
5701
5702
5703
5703
5704
5704
5705
5706
5708
5708
5709
5710
5713
5718
5719
5721
5721
5723
5723
5724
5725
5725
5727
5727
5728
5728
5730
5732
5732
5733
5733
5734
5734
5735
5738
5738
5739
5739
5740
5740
5740
5741
5742
5743
5744
5744
5745
5746
5746
5747
5747
5748
5748
5750
5753
5754
5756
5756
5757
5757
5758
5760
5763
5764
5764
5764
5765
5766
5766
5769
5769
5770
5770
5770
5772
5773
5774
5774
5775
5777
5777
5778
5781
5782
5783
5787
5787
5787
5790
5791
5792
5794
5794
5795
5797
5797
5798
5798
5799
5799
5799
5800
5800
5800
5800
5801
5801
5803
5803
5805
5807
5809
5811
5812
5815
5815
5815
5819
5821
5821
5825
5825
5826
5828
5830
5833
5833
5835
5835
5836
5837
5837
5838
5838
5839
5840
5840
5840
5841
5841
5842
5842
5844
5845
5846
5848
5850
5851
5851
5852
5854
5855
5855
5857
5859
5859
5861
5863
5863
5864
5864
5865
5865
5866
5866
5867
5867
5867
5870
5873
5876
5877
5879
5881
5884
5886
5886
5887
5889
5889
5891
5892
5894
5894
5896
5899
5900
5901
5902
5905
5905
5906
5906
5907
5910
5910
5916
5916
5916
5919
5919
5919
5920
5921
5921
5923
5926
5928
5929
5930
5932
5933
5935
5937
5937
5939
5941
5942
5942
5942
5946
5947
5949
5950
5952
5953
5954
5954
5955
5955
5955
5956
5956
5957
5957
5960
5963
5965
5966
5968
5969
5970
5972
5972
5973
5975
5976
5976
5976
5977
5977
5978
5984
5984
5986
5986
5987
5988
5989
5989
5990
5991
5994
5995
5995
5997
5999
6000
6002
6003
6005
6006
6009
6009
6010
6011
6013
6015
6015
6018
6018
6020
6021
6022
6022
6027
6028
6030
6032
6034
6034
6034
6037
6040
6042
6042
6047
6047
6047
6047
6048
6049
6050
6055
6059
6059
6060
6060
6061
6063
6063
6063
6064
6065
6065
6065
6066
6067
6067
6067
6068
6071
6071
6073
6073
6075
6076
6076
6079
6079
6079
6080
6080
6083
6083
6084
6084
6086
6086
6090
6090
6091
6093
6093
6094
6095
6096
6097
6105
6106
6107
6107
6108
6109
6111
6112
6112
6116
6116
6117
6118
6119
6119
6121
6124
6124
6125
6126
6127
6128
6129
6132
6133
6134
6136
6140
6140
6140
6141
6141
6141
6142
6143
6143
6145
6145
6147
6148
6149
6151
6152
6152
6154
6155
6155
6156
6156
6157
6158
6158
6161
6162
6162
6162
6163
6163
6164
6165
6166
6167
6168
6171
6171
6172
6175
6177
6178
6181
6183
6183
6185
6185
6186
6186
6187
6188
6191
6192
6192
6192
6192
6193
6193
6193
6194
6195
6195
6201
6202
6203
6204
6205
6206
6207
6207
6211
6213
6213
6213
6214
6215
6216
6217
6219
6219
6220
6220
6222
6222
6223
6224
6226
6227
6228
6229
6230
6231
6235
6235
6236
6236
6238
6241
6241
6242
6242
6244
6244
6245
6245
6247
6247
6248
6252
6253
6253
6253
6253
6254
6254
6255
6255
6258
6259
6261
6262
6262
6263
6263
6268
6269
6270
6271
6273
6273
6274
6275
6276
6276
6278
6279
6279
6279
6279
6281
6282
6284
6284
6284
6285
6286
6288
6291
6292
6292
6293
6295
6301
6303
6305
6305
6305
6307
6307
6307
6307
6307
6308
6311
6312
6312
6315
6315
6315
6315
6315
6318
6318
6318
6319
6320
6321
6324
6326
6326
6329
6332
6333
6333
6333
6336
6337
6338
6338
6339
6339
6339
6341
6343
6344
6345
6349
6350
6352
6352
6354
6354
6355
6355
6358
6358
6360
6361
6362
6364
6367
6368
6368
6374
6374
6377
6378
6380
6380
6380
6383
6384
6385
6385
6387
6390
6392
6392
6393
6393
6394
6395
6396
6397
6398
6398
6400
6402
6403
6403
6403
6404
6405
6406
6407
6408
6409
6410
6413
6413
6414
6415
6416
6420
6421
6422
6423
6423
6425
6429
6430
6430
6431
6432
6433
6434
6436
6437
6438
6439
6440
6440
6442
6444
6445
6446
6448
6448
6448
6450
6450
6450
6452
6452
6452
6453
6456
6456
6457
6458
6459
6459
6459
6461
6462
6466
6467
6467
6468
6468
6468
6471
6471
6472
6473
6473
6480
6484
6486
6487
6487
6488
6488
6491
6491
6492
6493
6496
6498
6501
6504
6505
6505
6505
6508
6512
6514
6515
6516
6518
6523
6524
6524
6526
6526
6526
6526
6526
6527
6528
6528
6529
6530
6531
6531
6534
6534
6538
6539
6540
6540
6540
6541
6541
6541
6541
6541
6542
6544
6548
6552
6554
6554
6555
6556
6557
6559
6559
6560
6560
6561
6561
6562
6563
6564
6564
6565
6566
6566
6570
6571
6571
6572
6573
6573
6574
6577
6578
6579
6581
6581
6582
6583
6584
6584
6586
6588
6589
6589
6590
6590
6590
6592
6592
6595
6597
6597
6597
6597
6598
6598
6599
6599
6601
6602
6602
6603
6603
6604
6604
6604
6605
6605
6605
6606
6607
6607
6607
6608
6610
6611
6613
6614
6614
6615
6615
6615
6615
6616
6618
6620
6621
6622
6622
6623
6624
6625
6625
6627
6628
6628
6629
6629
6630
6632
6632
6633
6634
6636
6638
6638
6639
6640
6641
6642
6642
6646
6649
6649
6650
6650
6651
6652
6652
6653
6653
6655
6655
6655
6656
6658
6662
6663
6664
6665
6665
6666
6666
6668
6669
6671
6676
6676
6678
6678
6679
6679
6679
6680
6680
6685
6685
6686
6688
6690
6691
6691
6693
6695
6695
6695
6697
6698
6700
6702
6705
6707
6708
6710
6715
6716
6716
6716
6717
6717
6718
6721
6726
6726
6727
6727
6728
6730
6730
6731
6731
6732
6732
6734
6735
6735
6736
6736
6738
6740
6742
6743
6743
6743
6743
6744
6745
6746
6746
6746
6747
6748
6748
6748
6749
6751
6752
6753
6754
6754
6755
6756
6758
6759
6761
6762
6763
6764
6765
6765
6765
6766
6767
6767
6769
6771
6773
6778
6779
6779
6780
6781
6785
6787
6788
6789
6789
6791
6791
6791
6793
6794
6796
6796
6798
6798
6799
6800
6801
6803
6805
6806
6806
6808
6809
6809
6810
6811
6811
6812
6812
6812
6813
6813
6813
6823
6824
6825
6828
6828
6830
6830
6832
6832
6837
6837
6838
6838
6843
6843
6844
6844
6845
6845
6846
6848
6849
6849
6851
6852
6852
6853
6854
6856
6858
6858
6858
6862
6864
6865
6865
6866
6867
6869
6871
6872
6874
6874
6875
6875
6877
6877
6879
6879
6880
6881
6883
6884
6885
6885
6888
6888
6889
6889
6889
6890
6891
6892
6892
6893
6893
6894
6894
6895
6896
6897
6897
6898
6899
6901
6902
6903
6904
6904
6905
6906
6908
6908
6909
6909
6910
6910
6910
6911
6911
6912
6915
6915
6916
6918
6919
6920
6921
6921
6923
6923
6924
6925
6927
6927
6927
6929
6930
6935
6936
6936
6937
6939
6939
6940
6940
6941
6943
6945
6947
6947
6949
6952
6952
6952
6952
6955
6956
6956
6958
6959
6960
6960
6962
6963
6963
6963
6965
6966
6967
6967
6968
6970
6970
6974
6975
6975
6976
6977
6979
6980
6982
6983
6984
6987
6989
6989
6991
6992
6994
6994
6996
6997
6998
6998
6999
6999
7000
7000
7000
7000
7001
7002
7004
7006
7006
7010
7010
7010
7010
7012
7013
7014
7014
7017
7017
7017
7018
7019
7020
7021
7022
7023
7024
7024
7026
7027
7031
7032
7033
7033
7034
7034
7035
7035
7035
7036
7038
7038
7041
7042
7043
7045
7048
7049
7051
7051
7052
7053
7054
7056
7058
7059
7061
7061
7064
7064
7065
7068
7069
7069
7071
7071
7072
7072
7073
7075
7076
7077
7079
7081
7082
7082
7084
7086
7086
7086
7087
7088
7091
7094
7097
7097
7097
7102
7103
7103
7103
7103
7104
7107
7108
7109
7110
7110
7111
7116
7117
7118
7118
7119
7119
7120
7121
7122
7123
7123
7129
7129
7130
7132
7132
7132
7134
7135
7135
7136
7136
7136
7136
7137
7137
7138
7139
7140
7141
7141
7143
7144
7148
7150
7151
7154
7154
7154
7154
7155
7156
7156
7159
7159
7160
7160
7162
7163
7165
7166
7166
7166
7167
7168
7168
7169
7170
7170
7172
7172
7175
7176
7177
7180
7181
7183
7183
7183
7183
7183
7183
7183
7184
7185
7185
7185
7185
7185
7191
7191
7192
7193
7193
7194
7195
7195
7196
7196
7196
7196
7197
7197
7198
7201
7202
7203
7203
7204
7204
7205
7205
7205
7206
7207
7207
7207
7208
7210
7212
7212
7213
7213
7214
7215
7215
7217
7217
7218
7218
7219
7220
7220
7221
7223
7225
7230
7231
7232
7233
7235
7238
7238
7240
7240
7242
7243
7243
7243
7244
7246
7247
7248
7250
7250
7252
7253
7253
7256
7257
7259
7259
7261
7262
7263
7263
7264
7264
7266
7267
7269
7270
7275
7275
7276
7276
7277
7279
7280
7282
7282
7284
7284
7288
7289
7290
7292
7292
7292
7294
7295
7295
7296
7299
7301
7301
7303
7303
7309
7309
7309
7312
7312
7315
7315
7317
7319
7322
7322
7323
7324
7327
7328
7330
7331
7331
7334
7334
7335
7335
7337
7339
7339
7340
7342
7342
7343
7343
7344
7344
7346
7347
7347
7347
7347
7348
7348
7348
7348
7349
7350
7350
7350
7351
7353
7357
7360
7362
7365
7366
7366
7366
7367
7368
7368
7369
7372
7374
7376
7377
7378
7379
7381
7384
7385
7385
7391
7392
7393
7394
7395
7395
7395
7396
7397
7397
7399
7399
7400
7400
7401
7401
7402
7404
7405
7406
7407
7408
7409
7409
7409
7409
7410
7413
7420
7420
7420
7420
7421
7422
7422
7422
7422
7423
7425
7426
7426
7426
7426
7427
7427
7428
7428
7429
7429
7431
7432
7433
7436
7438
7440
7440
7440
7441
7442
7445
7446
7446
7447
7448
7448
7449
7450
7454
7455
7456
7456
7457
7457
7459
7459
7460
7462
7463
7463
7464
7464
7465
7465
7467
7467
7468
7469
7470
7471
7475
7477
7477
7478
7479
7482
7484
7488
7490
7490
7491
7492
7493
7494
7495
7495
7495
7496
7496
7499
7499
7500
7500
7500
7501
7503
7503
7503
7504
7505
7508
7508
7508
7509
7509
7511
7511
7511
7513
7514
7515
7515
7515
7516
7517
7518
7519
7521
7523
7523
7524
7526
7526
7527
7529
7529
7531
7532
7534
7538
7539
7539
7540
7541
7542
7542
7543
7544
7545
7545
7546
7546
7547
7547
7547
7548
7548
7549
7549
7553
7555
7558
7558
7559
7562
7564
7564
7565
7565
7566
7567
7567
7567
7569
7569
7569
7570
7570
7571
7572
7575
7575
7576
7576
7577
7578
7579
7579
7580
7582
7583
7583
7587
7587
7588
7589
7589
7589
7589
7590
7592
7593
7595
7595
7598
7601
7601
7601
7602
7603
7603
7603
7604
7605
7605
7608
7608
7609
7610
7611
7613
7613
7617
7619
7622
7625
7627
7629
7629
7630
7633
7633
7636
7637
7637
7638
7639
7641
7642
7642
7644
7644
7645
7646
7646
7646
7646
7650
7651
7652
7654
7655
7656
7658
7660
7664
7664
7666
7667
7669
7670
7670
7671
7672
7677
7677
7679
7679
7680
7683
7683
7683
7683
7683
7686
7689
7690
7691
7692
7692
7692
7694
7694
7696
7698
7698
7699
7700
7701
7701
7702
7703
7705
7706
7707
7708
7710
7710
7711
7711
7712
7712
7712
7712
7713
7716
7717
7719
7719
7719
7719
7720
7721
7726
7728
7729
7729
7730
7730
7730
7732
7733
7733
7734
7735
7738
7739
7740
7744
7746
7747
7747
7750
7750
7751
7752
7753
7754
7754
7757
7758
7758
7758
7759
7760
7760
7761
7762
7763
7763
7765
7769
7769
7772
7772
7775
7777
7777
7777
7780
7782
7783
7783
7783
7784
7785
7786
7788
7788
7789
7791
7793
7794
7794
7794
7795
7797
7797
7800
7800
7800
7806
7806
7808
7809
7810
7812
7812
7813
7813
7814
7815
7816
7816
7817
7817
7819
7819
7821
7822
7822
7823
7826
7829
7829
7832
7833
7833
7834
7834
7835
7836
7837
7839
7840
7842
7843
7843
7844
7846
7846
7846
7848
7848
7849
7850
7851
7851
7852
7852
7855
7856
7859
7860
7860
7861
7862
7862
7870
7871
7872
7872
7873
7874
7874
7875
7875
7876
7877
7877
7880
7881
7884
7884
7884
7885
7886
7886
7886
7889
7889
7889
7890
7892
7892
7892
7893
7893
7893
7895
7897
7898
7900
7901
7902
7902
7902
7903
7905
7905
7906
7907
7908
7909
7910
7910
7911
7915
7915
7915
7917
7918
7919
7919
7921
7922
7923
7923
7924
7925
7925
7930
7931
7931
7931
7933
7934
7936
7937
7937
7938
7938
7939
7941
7942
7944
7944
7947
7947
7949
7951
7953
7956
7956
7958
7958
7959
7962
7963
7964
7964
7966
7968
7968
7971
7973
7973
7974
7975
7976
7977
7977
7977
7978
7979
7982
7983
7986
7990
7992
7992
7993
7995
7997
7997
8000
8001
8001
8001
8002
8002
8002
8002
8002
8005
8006
8007
8007
8009
8009
8011
8012
8013
8016
8017
8018
8018
8020
8020
8020
8021
8022
8024
8026
8028
8029
8029
8031
8031
8032
8033
8034
8035
8036
8038
8039
8039
8040
8041
8041
8042
8042
8043
8047
8048
8049
8050
8054
8055
8056
8056
8056
8058
8058
8060
8062
8064
8064
8066
8068
8068
8069
8070
8072
8072
8072
8073
8075
8078
8080
8080
8081
8081
8081
8082
8082
8084
8085
8086
8088
8089
8090
8090
8094
8094
8094
8096
8097
8097
8099
8100
8100
8102
8103
8104
8107
8109
8112
8115
8115
8117
8120
8120
8120
8122
8123
8123
8124
8124
8126
8127
8127
8128
8128
8131
8132
8132
8133
8135
8137
8138
8141
8141
8141
8141
8143
8144
8144
8146
8147
8147
8147
8148
8148
8149
8149
8150
8151
8157
8157
8157
8160
8162
8162
8163
8163
8163
8164
8164
8164
8165
8168
8169
8170
8170
8170
8171
8171
8172
8173
8174
8174
8178
8179
8180
8183
8183
8185
8189
8190
8190
8191
8192
8194
8195
8195
8196
8197
8202
8203
8205
8207
8208
8208
8208
8209
8211
8211
8214
8215
8215
8215
8219
8219
8220
8221
8222
8222
8225
8226
8227
8228
8233
8236
8237
8239
8240
8240
8240
8241
8242
8242
8242
8244
8245
8246
8248
8249
8249
8250
8250
8251
8251
8253
8253
8255
8257
8257
8259
8261
8261
8263
8263
8264
8264
8265
8266
8267
8267
8271
8275
8275
8275
8280
8280
8281
8282
8284
8284
8287
8287
8289
8289
8290
8290
8291
8292
8293
8295
8295
8295
8295
8296
8296
8297
8299
8299
8300
8301
8301
8303
8304
8305
8307
8307
8309
8309
8310
8311
8312
8313
8313
8315
8317
8317
8318
8318
8321
8323
8323
8325
8326
8326
8328
8328
8330
8331
8332
8332
8335
8337
8337
8338
8340
8341
8342
8343
8343
8345
8347
8347
8348
8351
8351
8352
8353
8354
8354
8354
8354
8357
8358
8358
8359
8359
8359
8360
8365
8365
8368
8368
8370
8370
8371
8375
8377
8380
8380
8380
8381
8381
8383
8383
8384
8384
8385
8386
8386
8387
8387
8387
8387
8388
8388
8388
8388
8389
8392
8393
8393
8395
8395
8395
8399
8399
8401
8401
8401
8405
8405
8405
8406
8406
8407
8407
8409
8409
8409
8410
8410
8412
8412
8414
8414
8417
8417
8418
8419
8419
8422
8423
8425
8427
8429
8430
8430
8431
8433
8433
8433
8435
8437
8438
8438
8439
8440
8442
8442
8443
8446
8446
8447
8448
8448
8449
8449
8449
8449
8450
8450
8452
8453
8454
8455
8455
8456
8456
8458
8458
8458
8458
8459
8461
8461
8462
8462
8462
8464
8464
8466
8466
8469
8470
8470
8470
8472
8473
8474
8475
8475
8476
8479
8480
8480
8481
8481
8482
8483
8483
8484
8485
8486
8486
8487
8488
8490
8490
8491
8492
8492
8497
8501
8502
8505
8505
8506
8506
8507
8509
8510
8515
8517
8518
8522
8522
8523
8524
8526
8526
8526
8526
8527
8527
8528
8528
8531
8532
8533
8534
8534
8536
8537
8538
8541
8541
8542
8543
8545
8545
8545
8548
8548
8552
8552
8554
8555
8555
8558
8559
8559
8560
8560
8566
8566
8566
8568
8569
8571
8571
8572
8572
8574
8576
8576
8578
8578
8581
8586
8586
8588
8589
8592
8592
8594
8595
8596
8596
8597
8597
8599
8601
8601
8603
8603
8603
8603
8605
8609
8609
8610
8610
8610
8610
8611
8611
8612
8615
8618
8619
8624
8626
8626
8627
8628
8628
8629
8631
8636
8639
8642
8647
8648
8650
8651
8651
8653
8654
8654
8655
8655
8657
8660
8664
8664
8665
8667
8667
8670
8671
8671
8671
8672
8673
8676
8676
8677
8677
8677
8678
8679
8680
8680
8682
8683
8685
8686
8686
8688
8690
8691
8694
8695
8695
8695
8696
8696
8696
8696
8697
8698
8700
8700
8702
8702
8704
8704
8705
8705
8706
8706
8706
8708
8708
8709
8709
8712
8713
8716
8719
8719
8721
8722
8722
8722
8723
8727
8728
8729
8731
8732
8734
8735
8738
8742
8743
8744
8746
8747
8748
8748
8749
8750
8751
8751
8753
8753
8756
8758
8758
8760
8760
8764
8766
8766
8767
8768
8769
8769
8769
8775
8776
8777
8778
8780
8780
8781
8782
8785
8786
8786
8790
8794
8795
8795
8795
8797
8797
8797
8797
8797
8797
8798
8798
8800
8800
8800
8801
8802
8804
8806
8806
8807
8809
8810
8810
8813
8813
8814
8814
8815
8815
8817
8818
8819
8822
8822
8823
8828
8830
8830
8832
8832
8834
8838
8839
8840
8841
8841
8842
8842
8842
8844
8845
8848
8848
8851
8852
8852
8854
8854
8855
8855
8855
8857
8858
8859
8860
8860
8860
8864
8864
8865
8866
8868
8871
8872
8872
8873
8876
8877
8877
8878
8878
8879
8879
8880
8882
8882
8882
8883
8883
8884
8885
8885
8885
8886
8888
8888
8888
8889
8889
8889
8891
8895
8895
8896
8897
8899
8899
8901
8903
8903
8904
8904
8905
8907
8908
8908
8909
8909
8911
8911
8911
8912
8912
8913
8914
8914
8915
8915
8916
8917
8920
8920
8921
8923
8923
8926
8926
8926
8926
8927
8928
8928
8929
8930
8931
8931
8932
8934
8934
8935
8937
8938
8939
8941
8941
8944
8946
8948
8950
8950
8951
8956
8957
8958
8960
8963
8963
8963
8963
8963
8967
8967
8968
8968
8969
8969
8970
8970
8971
8971
8971
8972
8975
8976
8977
8978
8979
8979
8979
8983
8986
8986
8987
8988
8990
8990
8992
8994
8996
8997
8997
8997
9002
9002
9004
9005
9005
9006
9007
9007
9008
9008
9009
9010
9011
9012
9013
9013
9014
9014
9016
9016
9019
9019
9019
9021
9021
9022
9023
9026
9027
9029
9031
9033
9034
9034
9036
9038
9039
9039
9039
9040
9041
9044
9044
9044
9047
9047
9048
9052
9052
9053
9054
9056
9058
9059
9059
9060
9060
9061
9061
9062
9064
9065
9065
9066
9066
9068
9070
9070
9072
9073
9074
9074
9075
9076
9076
9076
9077
9077
9077
9079
9080
9081
9082
9082
9084
9086
9087
9089
9093
9093
9094
9095
9096
9097
9099
9100
9100
9101
9102
9103
9103
9104
9104
9105
9106
9107
9107
9107
9107
9108
9108
9108
9110
9110
9111
9114
9114
9115
9116
9116
9118
9118
9122
9123
9124
9126
9126
9127
9127
9129
9130
9131
9131
9133
9134
9138
9139
9139
9143
9143
9145
9147
9149
9150
9151
9151
9151
9152
9152
9152
9153
9154
9154
9154
9155
9155
9155
9157
9157
9159
9159
9159
9160
9161
9161
9165
9168
9168
9169
9170
9170
9172
9174
9175
9176
9176
9176
9177
9178
9179
9179
9180
9182
9182
9183
9186
9186
9187
9187
9189
9189
9191
9191
9194
9194
9194
9194
9194
9194
9195
9195
9196
9197
9198
9199
9200
9202
9204
9207
9208
9209
9210
9211
9215
9216
9217
9217
9222
9223
9225
9225
9225
9225
9226
9230
9230
9230
9231
9234
9236
9236
9238
9239
9241
9242
9246
9249
9253
9255
9256
9258
9258
9258
9260
9260
9261
9261
9262
9263
9263
9263
9264
9264
9265
9266
9266
9267
9267
9270
9270
9273
9274
9274
9274
9277
9278
9279
9280
9283
9284
9285
9286
9286
9287
9290
9292
9294
9298
9298
9300
9301
9302
9305
9306
9306
9307
9309
9312
9313
9314
9315
9317
9317
9317
9318
9319
9319
9322
9322
9323
9324
9324
9325
9326
9326
9330
9332
9332
9333
9334
9336
9336
9336
9337
9338
9338
9339
9339
9342
9343
9344
9345
9348
9350
9350
9350
9352
9353
9354
9354
9355
9356
9357
9357
9357
9360
9360
9365
9365
9366
9368
9368
9369
9370
9372
9373
9373
9374
9375
9375
9376
9377
9377
9380
9381
9382
9383
9384
9385
9385
9386
9386
9386
9387
9387
9387
9388
9389
9391
9391
9391
9393
9393
9395
9396
9397
9400
9401
9402
9403
9407
9407
9412
9412
9413
9413
9414
9414
9416
9416
9417
9419
9420
9420
9420
9421
9423
9424
9424
9426
9426
9426
9428
9428
9428
9429
9432
9436
9436
9437
9437
9437
9440
9441
9441
9442
9442
9449
9450
9454
9456
9457
9458
9460
9465
9466
9467
9467
9468
9469
9471
9472
9472
9472
9472
9474
9475
9475
9475
9477
9477
9478
9478
9478
9479
9479
9481
9481
9481
9484
9484
9484
9488
9489
9489
9489
9489
9490
9490
9492
9492
9494
9495
9498
9502
9507
9508
9508
9508
9508
9511
9512
9512
9513
9514
9515
9516
9517
9521
9524
9524
9525
9525
9525
9525
9526
9533
9533
9534
9534
9535
9536
9537
9537
9537
9538
9539
9540
9540
9542
9546
9547
9547
9548
9549
9549
9551
9551
9552
9553
9554
9556
9558
9560
9561
9562
9563
9563
9565
9566
9566
9566
9567
9568
9575
9576
9577
9579
9579
9582
9582
9586
9586
9587
9587
9587
9589
9591
9591
9591
9592
9594
9594
9595
9597
9598
9598
9599
9600
9600
9603
9604
9605
9605
9605
9608
9610
9612
9612
9616
9616
9619
9619
9621
9621
9622
9623
9623
9626
9626
9626
9626
9627
9627
9628
9631
9633
9634
9637
9637
9637
9638
9642
9645
9646
9647
9648
9649
9650
9652
9653
9654
9657
9658
9659
9659
9660
9661
9663
9665
9665
9667
9669
9670
9672
9674
9674
9675
9676
9676
9676
9676
9679
9679
9679
9680
9681
9681
9681
9681
9681
9682
9683
9683
9688
9688
9690
9691
9691
9693
9694
9694
9695
9698
9699
9699
9699
9700
9700
9703
9703
9704
9704
9706
9706
9706
9707
9708
9709
9711
9711
9712
9717
9718
9718
9718
9719
9719
9720
9720
9727
9727
9728
9730
9733
9733
9734
9734
9734
9735
9737
9737
9737
9739
9740
9740
9741
9741
9741
9741
9741
9742
9744
9745
9746
9747
9749
9750
9750
9760
9761
9762
9762
9764
9767
9768
9768
9775
9775
9776
9778
9779
9780
9781
9781
9782
9782
9783
9784
9785
9786
9786
9787
9791
9793
9794
9795
9797
9798
9798
9798
9799
9799
9800
9800
9801
9801
9803
9805
9805
9806
9806
9809
9809
9811
9812
9813
9815
9815
9816
9816
9816
9817
9818
9819
9819
9820
9821
9823
9824
9825
9825
9828
9828
9831
9834
9834
9835
9836
9837
9837
9841
9841
9841
9843
9843
9845
9847
9847
9848
9849
9849
9850
9851
9852
9854
9856
9858
9860
9861
9862
9862
9863
9864
9866
9870
9870
9870
9873
9874
9875
9876
9877
9877
9879
9879
9880
9881
9882
9882
9883
9883
9884
9884
9885
9885
9887
9888
9888
9891
9892
9893
9893
9898
9898
9901
9902
9904
9904
9904
9905
9906
9906
9906
9906
9907
9908
9908
9909
9911
9911
9912
9912
9914
9914
9915
9915
9917
9917
9918
9918
9922
9922
9923
9924
9925
9925
9925
9926
9927
9928
9929
9929
9932
9933
9933
9934
9935
9936
9937
9937
9940
9940
9941
9941
9944
9944
9944
9947
9948
9948
9948
9950
9950
9953
9953
9957
9958
9959
9959
9960
9962
9966
9967
9969
9970
9970
9971
9972
9972
9972
9973
9973
9974
9974
9975
9975
9977
9978
9979
9982
9982
9985
9986
9987
9987
9988
9989
9990
9991
9993
9994
9994
9994
9994
9995
9996
9997
9999
